COVID-19 in South Carolina, by Zip Codes
Cases as of 4/6/2020 at 11:59 PM
Reported Cases

Abbeville County
Zip
29620
29627
29628
29638
29639
29646
29649
29653
29654
29655
29692
29819
Total

Reported
Cases

Estimated
Cases

Total Possible
Cases

5
0
0
0
0
0
0
0
0
0
0
0
5

31
0
6
5
6
0
0
0
1
16
1
0
67

36
0
6
5
6
0
0
0
1
16
1
0
72

Aiken County
Zip
29006
29105
29129
29137
29146
29164
29801
29803
29805
29809
29828
29829
29831
29832
29841
29842
29847
29851
29853
29856
29860
Unknown
Total

0
0
0
4
0
1
2
5
2
0
0
0
1
0
9
1
0
0
0
0
1
2
28

2
5
11
22
3
6
12
31
12
6
6
6
6
0
55
6
1
6
3
6
8
0
215

2
5
11
26
3
7
14
36
14
6
6
6
7
0
64
7
1
6
3
6
9
2
243

Allendale County
Zip
29810
29812
29827
29836
29849
29932
Total

Reported
Cases

Estimated
Cases

Total Possible
Cases

1
0
1
0
0
0
2

6
0
6
6
5
2
25

7
0
7
6
5
2
27

Anderson County
Zip
29611
29621
29624
29625
29626
29627
29630
29631
29642
29643
29654
29655
29657
29669
29670
29673
29684
29689
29697
Unknown
Total

Reported
Cases

Estimated
Cases

Total Possible
Cases

0
25
6
13
5
5
0
0
1
0
1
8
0
1
1
2
2
0
2
3
75

5
154
37
80
31
28
0
0
22
2
4
33
2
6
6
28
12
6
12
0
466

5
179
43
93
36
33
0
0
23
2
5
41
2
7
7
30
14
6
14
3
541

Bamberg County
Zip
29003
29038
29042
29081
29082
29432
29481
29817
29843
Total

Reported
Cases

Estimated
Cases

Total Possible
Cases

2
1
3
0
0
0
0
0
0
6

12
0
18
6
0
1
1
0
4
43

14
1
21
6
0
1
1
0
4
49

Barnwell County
Zip
29812
29817
29836
29843
29849
29853
Total

Reported
Cases

Estimated
Cases

Total Possible
Cases

0
1
0
0
0
2
3

6
6
1
2
1
10
25

6
7
1
2
1
12
28

Beaufort County
Zip
29902
29904
29906
29907
29909
29910
29915
29920
29926
29928
29935
29936
29940
29941
29945
Unknown
Total

Reported
Cases

Estimated
Cases

Total Possible
Cases

62
0
17
10
7
31
1
6
10
6
5
1
1
0
1
11
169

381
6
104
61
43
190
6
37
61
37
31
0
6
6
2
0
973

443
6
121
71
50
221
7
43
71
43
36
1
7
6
3
11
1,142

Reported
Cases

Estimated
Cases

Total Possible
Cases

Berkeley County
29059
29406
29410
29431
29434
29436
29445
29450
29453
29456
29461
29466
29468
29469
29472
29479
29483
29486
29492
Unknown
Total

0
0
5
0
0
1
16
0
0
1
16
0
0
0
0
2
0
2
11
1
55

0
0
37
6
6
6
98
6
6
21
98
0
6
6
1
12
9
12
68
0
399

0
0
42
6
6
7
114
6
6
22
114
0
6
6
1
14
9
14
79
1
454

Calhoun County
Zip

29030
29047
29053
29112
29118
29135
29160
Total

Reported
Cases

Estimated
Cases

Total Possible
Cases

2
0
0
0
0
3
0
5

9
3
3
1
1
18
8
43

11
3
3
1
1
21
8
48

Charleston County
Zip
29401
29403
29404
29405
29406
29407
29409
29410
29412
29414
29418
29420
29424
29425
29426
29429
29438
29439
29449
29450
29451
29453
29455
29456
29458
29464
29466
29470
29482
29483
29485
29487
Unknown
Total

Reported
Cases

Estimated
Cases

Total Possible
Cases

9
22
2
12
13
23
0
1
35
32
14
2
0
1
0
5
1
1
6
1
4
0
12
10
1
47
32
4
7
0
1
4
3
305

55
135
12
74
80
141
6
0
215
196
68
23
6
6
5
31
4
6
37
0
25
0
74
24
6
289
197
23
43
1
8
25
0
1,816

64
157
14
86
93
164
6
1
250
228
82
25
6
7
5
36
5
7
43
1
29
0
86
34
7
336
229
27
50
1
9
29
3
2,121

Cherokee County
Zip
29306
29307
29323
29330
29340
29341
29372
29702
29743
Total


Estimated
Cases

Total Possible
Cases

0
0
0
0
2
2
0
0
0
4

0
1
5
2
12
12
4
6
1
43

0
1
5
2
14
14
4
6
1
47


Chester County
Zip
29014
29031
29055
29704
29706
29712
29714
29729
29730
29742
Total

Estimated
Cases

Total Possible
Cases

0
0
3
0
7
1
4
0
0
0
15

4
2
15
1
43
5
25
6
1
1
102

4
2
18
1
50
6
29
6
1
1
117

Chesterfield County
Zip
29009
29101
29520
29550
29584
29593
29709
29718
29720
29727
29728
29741
Unknown
Total

Reported
Cases

Estimated
Cases

Total Possible
Cases

0
2
5
0
0
0
2
1
0
0
3
1
2
16

0
10
31
7
6
2
12
6
0
6
18
6
0
104

0
12
36
7
6
2
14
7
0
6
21
7
2
120

Clarendon County
Zip

Reported
Cases

Reported
Cases

29001
29051
29056
29102
29111
29114
29125
29148
29162
29518
29560
Unknown
Total

Reported
Cases

Estimated
Cases

Total Possible
Cases

2
1
0
45
0
0
0
17
1
0
0
2
68

11
5
0
276
6
0
6
104
6
0
1
0
416

13
6
0
321
6
0
6
121
7
0
1
2
484

Colleton County
Zip
29081
29082
29432
29435
29438
29446
29452
29472
29474
29475
29477
29481
29488
29493
29929
29945
Total

Reported
Cases

Estimated
Cases

Total Possible
Cases

0
0
0
2
0
0
0
0
0
2
0
0
5
0
1
0
10

0
6
0
12
3
6
6
1
6
12
0
5
31
6
6
2
103

0
6
0
14
3
6
6
1
6
14
0
5
36
6
7
2
113

Darlington County
Zip
29069
29101
29161
29501
29506
29532
29540
29550
29593
Unknown
Total

Reported
Cases

Estimated
Cases

Total Possible
Cases

2
0
0
0
0
4
4
17
1
1
29

11
2
1
7
0
25
25
97
4
0
171

13
2
1
7
0
29
29
114
5
1
200

Dillon County
Zip
29525
29536
29543
29547
29563
29565
29567
29571
29574
29581
29592
Total

Reported
Cases

Reported
Cases

Estimated
Cases

Total Possible
Cases

0
0
0
1
0
0
0
0
0
0
0
1

0
6
6
6
6
5
6
0
0
1
5
42

0
6
6
7
6
5
6
0
0
1
5
43

Dorchester County

Zip
29018
29414
29418
29420
29426
29432
29437
29448
29456
29470
29471
29472
29477
29483
29485
Unknown
Total

Estimated
Cases

Total Possible
Cases

0
0
0
12
0
0
0
0
1
0
2
1
3
13
16
3
51

0
0
18
63
1
0
6
6
29
2
12
4
18
70
96
0
325

0
0
18
75
1
0
6
6
30
2
14
5
21
83
112
3
376


Edgefield County
Zip
29129
29138
29821
29824
29832
29835
29838
29841
29845
29847
29860
Total
Reported
Cases

Estimated
Cases

Total Possible
Cases

0
0
0
1
3
0
0
0
0
0
2
6

1
0
3
6
21
1
2
0
0
5
10
49

1
0
3
7
24
1
2
0
0
5
12
55

Fairfield County
Zip
29014
29015
29016
29031
29045
29055
29065
29130
29180
Unknown
Total

Reported
Cases

Estimated
Cases

Total Possible
Cases

0
0
2
0
1
0
1
6
6
1
17

2
6
2
1
2
3
6
29
42
0
93

2
6
4
1
3
3
7
35
48
1
110

Florence County
Zip
29114
29161
29501
29505
29506
29530
29541
29554
29555
29560
29583
29591
Unknown
Total

Reported
Cases

Estimated
Cases

Total Possible
Cases

0
0
16
3
6
0
3
0
0
3
4
2
8
45

4
5
92
18
37
6
18
1
6
16
25
12
0
240

4
5
108
21
43
6
21
1
6
19
29
14
8
285

Georgetown County
Zip
29440
29510
29554
29576
29585
Unknown
Total

Reported
Cases

Estimated
Cases

Total Possible
Cases

6
0
1
2
9
4
22

37
11
10
30
55
0
144

43
11
11
32
64
4
166

Greenville County
Zip
29322
29356
29601
29605
29607
29609
29611
29615
29617
29627
29635
29644
29650
29651
29654
29661
29662
29669
29673
29680
29681
29683
29687
29690
Unknown
Total

Reported
Cases

Estimated
Cases

Total Possible
Cases

0
0
7
17
12
6
15
13
3
0
0
4
9
16
0
2
7
1
7
10
20
0
12
2
51
214

0
3
43
104
74
37
85
80
18
3
4
17
55
64
1
10
43
6
27
61
123
6
74
12
0
950

0
3
50
121
86
43
100
93
21
3
4
21
64
80
1
12
50
7
34
71
143
6
86
14
51
1,164

Greenwood County
Zip
29138
29638
29646
29649
29653
29666
29692
29819
29848
Unknown
Total

Reported
Cases

Estimated
Cases

Total Possible
Cases

0
1
5
4
0
0
1
0
0
1
12

0
1
31
24
6
6
3
6
4
0
81

0
2
36
28
6
6
4
6
4
1
93

Horry County
Zip
29511
29526
29527
29544
29545
29566
29568
29569
29572
29575
29576
29577
29579
29581
29582
29588
Unknown
Total

Reported
Cases

Estimated
Cases

Total Possible
Cases

1
9
12
0
1
6
5
3
1
5
11
12
6
0
2
11
6
91

6
55
74
6
6
37
31
18
6
31
49
74
37
4
12
68
0
514

7
64
86
6
7
43
36
21
7
36
60
86
43
4
14
79
6
605

Hampton County
Zip
29827
29911
29916
29918
29921
29922
29923
29924
29932
29934
29944
29945
Total

Reported
Cases

Estimated
Cases

Total Possible
Cases

0
0
0
3
0
0
0
0
0
0
1
0
4

0
6
4
18
6
4
6
6
4
1
6
2
63

0
6
4
21
6
4
6
6
4
1
7
2
67



Jasper County
29909
29912
29916
29922
29927
29934
29936
29943
29944
29945
Total

1
1
0
0
5
0
5
0
0
0
12

6
6
3
3
31
6
37
6
0
1
97

7
7
3
3
36
6
42
6
0
1
109


Kershaw County
29009
29010
29020
29032
29045
29058
29067
29074
29078
29128
29130
29175
29718
Unknown
Total


2
0
91
2
33
0
3
0
26
0
0
1
0
1
159

12
1
542
11
145
0
9
6
175
5
7
6
0
0
921

14
1
633
13
178
0
12
6
201
5
7
7
0
1
1,080

Lancaster County
Zip

29058
29067
29707
29718
29720
Total

Reported
Cases

Estimated
Cases

Total Possible
Cases

3
2
15
0
26
46

18
22
92
0
160
292

21
24
107
0
186
338

Laurens County
Zip
29037
29178
29325
29332
29335
29351
29355
29360
29370
29384
29388
29644
29645
29654
29681
29692
Total

Reported
Cases

Estimated
Cases

Total Possible
Cases

0
0
2
0
0
0
0
1
1
0
0
0
2
0
0
0
6

0
0
12
6
2
6
3
6
6
6
1
8
12
0
0
2
72

0
0
14
6
2
6
3
7
7
6
1
8
14
0
0
2
78

Lee County
Zip
29009
29010
29020
29032
29040
29069
29080
29104
29128
29153
29550
Total

Reported
Cases

Estimated
Cases

Total Possible
Cases

0
17
0
0
0
0
2
0
0
0
0
19

0
104
17
1
4
1
6
3
9
4
1
150

0
121
17
1
4
1
8
3
9
4
1
169

Lexington County
29006
29033
29036
29053
29054
29063
29070
29072
29073
29075
29112
29123
29160
29169
29170
29172
29210
29212
Unknown
Total

Reported
Cases

Estimated
Cases

Total Possible
Cases

2
1
12
8
2
12
6
24
17
0
1
3
5
7
5
4
1
5
15
130

7
6
56
46
12
9
30
147
104
1
2
18
23
43
31
25
31
62
0
653

9
7
68
54
14
21
36
171
121
1
3
21
28
50
36
29
32
67
15
783

Marion County
Zip
29519
29546
29565
29571
29574
29581
29592
Unknown
Total

Reported
Cases

Estimated
Cases

Total Possible
Cases

0
2
0
0
2
0
0
1
5

6
12
1
6
12
1
1
0
40

6
14
1
6
14
1
1
1
45

Marlboro County
29512
29516
29525
29565
29570
29594
29596
Total


Reported
Cases

Estimated
Cases

Total Possible
Cases

8
0
0
0
0
0
0
8

49
6
6
0
6
6
6
80

57
6
6
0
6
6
6
88

McCormick County
Zip

29620
29628
29819
29821
29835
29838
29840
29845
29848
Total

Reported
Cases

Estimated
Cases

Total Possible
Cases

0
0
0
0
2
0
0
0
0
2

0
0
0
3
12
4
6
6
2
34

0
0
0
3
14
4
6
6
2
36

Newberry County
Zip
29036
29037
29075
29108
29122
29126
29127
29145
29178
29332
29355
Total

Reported
Cases

Estimated
Cases

Total Possible
Cases

0
0
0
3
0
1
1
0
1
0
1
7

1
4
4
18
6
6
6
6
5
0
3
60

1
4
4
21
6
7
7
6
6
0
4
67

Oconee County
Zip
29643
29658
29664
29665
29672
29676
29678
29686
29689
29691
29693
29696
Unknown
Total

Reported
Cases

Estimated
Cases

Total Possible
Cases

0
0
0
0
1
1
5
0
0
0
1
0
1
9

5
6
6
6
6
6
31
6
1
6
6
6
0
91

5
6
6
6
7
7
36
6
1
6
7
6
1
100

Orangeburg County
Zip
29018
29030
29038
29039
29047
29048
29059
29107
29112
29113
29115
29118
29133
29135
29137
29142
29146
29160
29163
29432
29436
29471
29477
Unknown
Total

Reported
Cases

Estimated
Cases

Total Possible
Cases

0
0
2
0
1
0
1
1
4
0
13
5
0
0
0
1
0
0
0
1
0
0
0
1
30

6
3
18
6
3
6
6
6
28
6
80
30
6
1
2
6
4
0
6
5
0
0
0
0
229

6
3
20
6
4
6
7
7
32
6
93
35
6
1
2
7
4
0
6
6
0
0
0
1
259

Pickens County
Zip
29611
29630
29631
29634
29635
29640
29642
29657
29661
29667
29670
29671
29682
29685
Total

Reported
Cases

Estimated
Cases

Total Possible
Cases

0
0
2
0
0
6
8
2
0
0
0
1
2
0
21

2
6
12
6
2
37
33
11
2
6
0
6
12
6
143

2
6
14
6
2
43
41
13
2
6
0
7
14
6
164

Richland County
Zip
29016
29036
29044
29045
29052
29061
29063
29075
29078
29130
29180
29201
29203
29204
29205
29206
29207
29208
29209
29210
29212
29223
29229
Unknown
Total

Reported
Cases

Estimated
Cases

Total Possible
Cases

18
1
2
8
2
16
7
0
3
0
1
13
29
17
10
14
10
2
19
17
9
56
34
52
340

121
23
12
111
12
98
108
1
3
1
1
80
178
104
61
86
61
12
117
80
24
344
209
0
1,850

139
24
14
119
14
114
115
1
6
1
2
93
207
121
71
100
71
14
136
97
33
400
243
52
2,190

Saluda County
Zip
29006
29037
29070
29105
29127
29129
29138
29166
29666
29824
29832
29848
Total

Reported
Cases
0
0
0
0
0
3
1
0
0
0
1
0
5

Estimated
Cases
3
2
6
1
0
6
6
6
0
0
3
0
35

Total Possible
Cases
3
2
6
1
0
9
7
6
0
0
4
0
40

Spartanburg County
Zip
29301
29302
29303
29306
29307
29316
29322
29323
29330
29333
29334
29335
29346
29349
29356
29365
29369
29372
29374
29375
29376
29377
29385
29388
29650
29651
Unknown
Total

Reported
Cases

Estimated
Cases

Total Possible
Cases

10
10
3
15
4
9
2
8
0
0
4
2
0
11
0
3
4
4
0
1
5
1
5
8
0
2
9
120

61
61
18
92
24
55
12
45
4
6
25
10
6
68
3
18
25
17
6
6
31
6
31
48
0
46
0
726

71
71
21
107
28
64
14
53
4
6
29
12
6
79
3
21
29
21
6
7
36
7
36
56
0
48
9
846

Sumter County
Zip
29001
29040
29051
29080
29102
29104
29114
29125
29128
29150
29152
29153
29154
29162
29168
Unknown
Total

Reported
Cases

Estimated
Cases

Total Possible
Cases

0
7
1
0
0
1
0
2
11
32
1
18
23
0
3
6
105

1
39
7
6
0
3
2
6
53
197
6
106
141
0
18
0
587

1
46
8
6
0
4
2
8
64
229
7
124
164
0
21
6
692

Union County
Zip
29031
29178
29321
29335
29353
29372
29374
29379
Total

Reported
Cases

Estimated
Cases

Total Possible
Cases

0
0
1
0
0
0
0
14
15

4
1
6
1
6
3
0
86
107

4
1
7
1
6
3
0
100
122

Williamsburg County
Zip
29056
29111
29440
29510
29518
29554
29555
29556
29560
29564
29580
29590
Total

Reported
Cases

Estimated
Cases

Total Possible
Cases

1
0
0
3
0
3
0
1
0
0
2
2
12

6
0
0
7
6
14
0
6
2
6
12
12
73

7
0
0
10
6
17
0
7
2
6
14
14
85

York County
Zip
29702
29704
29706
29707
29708
29710
29712
29715
29717
29726
29730
29732
29742
29743
29745
Unknown
Total

Reported
Cases

Estimated
Cases

Total Possible
Cases

0
0
0
0
11
18
0
23
0
0
19
30
0
0
6
1
108

0
5
0
0
68
111
1
141
6
6
116
184
6
5
37
0
686

0
5
0
0
79
129
1
164
6
6
135
214
6
5
43
1
794
