COVID-19 in South Carolina, by Zip Codes
Cases as of 4/5/2020 at 11:59 PM
Reported Cases


Abbeville County

Zip

Reported
Cases

Estimated
Cases

Total Possible
Cases

29620
29627
29628
29638
29639
29646
29649
29653
29654
29655
29692
29819
Total

5
0
0
1
0
0
0
0
0
0
0
0
6


Aiken County
Zip

29006
29105
29129
29137
29146
29164
29801
29803
29805
29809
29828
29829
29831
29832
29841
29842
29847
29851
29853
29856
29860
Unknown
Total

0
0
0
3
0
1
2
5
2
0
0
0
1
0
9
1
0
0
0
0
1
2
27


Allendale County
Zip

Reported
Cases

Estimated
Cases

Total Possible
Cases

29810
29812
29827
29836
29849
29932
Total

1
0
1
0
0
0
2


Anderson County
Zip

Reported
Cases

Estimated
Cases

Total Possible
Cases

29611
29621
29624
29625
29626
29627
29630
29631
29642
29643
29654
29655
29657
29669
29670
29673
29684
29689
29697
Unknown
Total

0
23
6
13
5
5
0
0
1
0
1
7
0
1
1
2
2
0
2
3
72
Bamberg County
Zip
29003
29038
29042
29081
29082
29432
29481
29817
29843
Total

Reported
Cases

Estimated
Cases

Total
Possible
Cases

2
1
2
0
0
0
0
0
0
5

12
0
12
6
0
1
1
0
4
37

14
1
14
6
0
1
1
0
4
42

Barnwell County
Zip
29812
29817
29836
29843
29849
29853
Total

Reported
Cases

Estimated
Cases

Total Possible
Cases

0
1
0
0
0
2
3

6
6
1
2
1
10
25

6
7
1
2
1
12
28

Beaufort County
29902
29904
29906
29907
29909
29910
29915
29920
29926
29928
29935
29936
29940
29941
29945
Unknown
Total

Reported
Cases

Estimated
Cases

Total Possible
Cases

17
0
26
11
7
30
1
7
9
6
5
1
1
0
1
41
163

104
6
160
68
43
184
6
43
55
37
31
0
6
6
2
0
752

121
6
186
79
50
214
7
50
64
43
36
1
7
6
3
41
915

Berkeley County
29059
29406
29410
29431
29434
29436
29445
29450
29453
29456
29461
29466
29468
29469
29472
29479
29483
29486
29492
Unknown
Total

Reported
Cases

Estimated
Cases

Total Possible
Cases

0
0
5
0
0
1
16
0
0
1
13
0
0
0
0
2
0
2
11
1
52

0
0
37
6
6
6
98
6
6
18
80
0
6
6
4
12
8
31
74
0
404

0
0
42
6
6
7
114
6
6
19
93
0
6
6
4
14
8
33
85
1
456

Calhoun County
Zip

29030
29047
29053
29112
29118
29135
29160
Total

Reported
Cases

Estimated
Cases

Total Possible
Cases

2
0
0
0
0
3
0
5

9
3
3
1
1
18
8
42

11
3
3
1
1
21
8
47

Charleston County
Zip
29401
29403
29404
29405
29406
29407
29409
29410
29412
29414
29418
29420
29424
29425
29426
29429
29438
29439
29449
29450
29451
29453
29455
29456
29458
29464
29466
29470
29482
29483
29485
29487
Unknown
Total

Reported
Cases

Estimated
Cases

Total Possible
Cases

9
22
2
12
12
23
0
0
36
31
14
2
0
1
0
5
1
1
6
1
4
0
12
8
1
47
31
4
7
0
1
4
3
300

55
135
12
74
74
141
6
0
221
190
68
23
6
6
5
31
4
6
37
0
25
0
74
20
6
289
190
23
43
1
8
25
0
1800

64
157
14
86
86
164
6
0
257
221
82
25
6
7
5
36
5
7
43
1
29
0
86
28
7
336
221
27
50
1
9
29
3
2100

Cherokee County
Zip
29306
29307
29323
29330
29340
29341
29372
29702
29743
Total

Estimated
Cases

Total Possible
Cases

0
0
0
0
2
2
0
0
0
4

0
0
3
2
12
12
1
6
1
39

0
0
3
2
14
14
1
6
1
43

Chester County
Zip
29014
29031
29055
29704
29706
29712
29714
29729
29730
29742
Total


Estimated
Cases

Total Possible
Cases

0
0
2
0
8
1
4
0
0
0
15

4
2
10
1
49
5
25
6
0
1
103

4
2
12
1
57
6
29
6
0
1
118

Chesterfield County
Zip
29009
29101
29520
29550
29584
29593
29709
29718
29720
29727
29728
29741
Unknown
Total

Reported
Cases

Estimated
Cases

Total Possible
Cases

0
1
5
0
0
0
2
1
0
0
3
1
2
15

0
5
31
6
6
2
12
6
0
6
18
6
0
99

0
6
36
6
6
2
14
7
0
6
21
7
2
114

Clarendon County
Zip

Reported
Cases

Reported
Cases

29001
29051
29056
29102
29111
29114
29125
29148
29162
29518
29560
Unknown
Total

Reported
Cases

Estimated
Cases

Total Possible
Cases

2
1
0
37
0
0
0
12
1
0
0
5
58

11
5
0
227
6
0
3
74
6
0
1
0
333

13
6
0
264
6
0
3
86
7
0
1
5
391

Colleton County
Zip
29081
29082
29432
29435
29438
29446
29452
29472
29474
29475
29477
29481
29488
29493
29929
29945
Total

Reported
Cases

Estimated
Cases

Total Possible
Cases

0
0
0
2
0
0
0
0
0
2
0
0
5
0
1
0
10

0
6
0
12
3
6
6
2
6
12
0
5
31
6
6
2
104

0
6
0
14
3
6
6
2
6
14
0
5
36
6
7
2
114

Darlington County
29069
29101
29161
29501
29506
29532
29540
29550
29593
Unknown
Total

Reported
Cases

Estimated
Cases

Total Possible
Cases

1
0
0
0
0
3
5
16
1
1
27

6
1
1
5
0
25
31
91
4
0
164

7
1
1
5
0
28
36
107
5
1
191

Dillon County
29525
29536
29543
29547
29563
29565
29567
29571
29574
29581
29592
Total

Reported
Cases

Estimated
Cases

Total Possible
Cases

0
0
0
1
0
0
0
0
0
0
0
1

0
6
6
6
6
5
6
0
0
1
5
42

0
6
6
7
6
5
6
0
0
1
5
43

Dorchester County
Zip

29018
29414
29418
29420
29426
29432
29437
29448
29456
29470
29471
29472
29477
29483
29485
Unknown
Total

Reported
Cases

Estimated
Cases

Total Possible
Cases

0
0
0
12
0
0
0
0
1
0
2
3
3
12
16
3
52

0
0
18
63
1
0
6
6
24
2
12
12
18
64
96
0
323

0
0
18
75
1
0
6
6
25
2
14
15
21
76
112
3
375

Edgefield County
Zip
29129
29138
29821
29824
29832
29835
29838
29841
29845
29847
29860
Total

Reported
Cases

Estimated
Cases

Total Possible
Cases

0
0
0
1
3
0
0
0
0
0
2
6

1
0
3
6
21
1
2
0
0
5
10
48

1
0
3
7
24
1
2
0
0
5
12
54

Fairfield County
Zip
29014
29015
29016
29031
29045
29055
29065
29130
29180
Unknown
Total

Reported
Cases

Estimated
Cases

Total Possible
Cases

0
0
2
0
1
0
1
6
5
1
16

2
6
1
1
2
2
6
29
36
0
85

2
6
3
1
3
2
7
35
41
1
101

Florence County
Zip
29114
29161
29501
29505
29506
29530
29541
29554
29555
29560
29583
29591
Unknown
Total

Reported
Cases

Estimated
Cases

Total Possible
Cases

0
0
13
3
6
0
3
0
0
1
4
1
8
39

4
5
74
25
37
6
18
1
6
10
25
6
0
218

4
5
87
28
43
6
21
1
6
11
29
7
8
257


Georgetown County

Zip
29440
29510
29554
29576
29585
Unknown
Total

Reported
Cases

Estimated
Cases

Total Possible
Cases

4
0
1
2
9
5
21

25
11
10
28
55
0
129

29
11
11
30
64
5
150

Greenville County
Zip
29322
29356
29601
29605
29607
29609
29611
29615
29617
29627
29635
29644
29650
29651
29654
29661
29662
29669
29673
29680
29681
29683
29687
29690
Unknown
Total

Reported
Cases

Estimated
Cases

Total Possible
Cases

0
0
6
15
11
5
15
12
3
0
0
4
8
14
0
2
7
1
7
8
20
0
11
1
54
204

0
3
37
92
68
31
85
74
18
3
4
17
49
53
1
10
43
6
27
49
123
6
68
6
0
872

0
3
43
107
79
36
100
86
21
3
4
21
57
67
1
12
50
7
34
57
143
6
79
7
51
1076

Greenwood County
Zip
29138
29638
29646
29649
29653
29666
29692
29819
29848
Unknown
Total

Reported
Cases

Estimated
Cases

Total Possible
Cases

0
0
5
4
0
0
1
0
0
1
11

0
1
31
24
6
6
3
6
4
0
81

0
1
36
28
6
6
4
6
4
1
92

Horry County
Zip
29511
29526
29527
29544
29545
29566
29568
29569
29572
29575
29576
29577
29579
29581
29582
29588
Unknown
Total

Reported
Cases

Estimated
Cases

Total Possible
Cases

1
7
9
0
1
5
5
3
1
4
10
10
5
0
2
8
5
76

6
43
55
6
6
31
31
18
6
25
46
61
31
4
12
49
0
430

7
50
64
6
7
36
36
21
7
29
56
71
36
4
14
57
5
506


Hampton County
Zip
29827
29911
29916
29918
29921
29922
29923
29924
29932
29934
29944
29945
Total

Reported
Cases

Estimated
Cases

Total Possible
Cases

0
0
0
2
0
0
0
0
0
0
1
0
3

0
6
4
12
6
4
6
6
4
1
6
2
56

0
6
4
14
6
4
6
6
4
1
7
2
59

Jasper County
Zip
29909
29912
29916
29922
29927
29934
29936
29943
29944
29945
Total

Reported
Cases

Estimated
Cases

Total Possible
Cases

1
1
0
0
5
0
4
0
0
0
11

6
6
3
3
31
6
31
6
0
1
91

7
7
3
3
36
6
35
6
0
1
102

Kershaw County
Zip
29009
29010
29020
29032
29045
29058
29067
29074
29078
29128
29130
29175
29718
Unknown
Total

Reported
Cases

Estimated
Cases

Total Possible
Cases

2
0
85
1
32
0
3
0
26
0
0
1
0
2
152

12
1
507
6
142
0
9
6
175
5
7
6
0
0
876

14
1
592
7
174
0
12
6
201
5
7
7
0
2
1028

Lancaster County
Zip
29058
29067
29707
29718
29720
Total

Reported
Cases
2
2
13
0
26
43

Estimated
Cases
12
22
80
0
160
273

Total Possible
Cases
14
24
93
0
186
316

Laurens County
Zip
29037
29178
29325
29332
29335
29351
29355
29360
29370
29384
29388
29644
29645
29654
29681
29692
Total

Reported
Cases

Estimated
Cases

Total Possible
Cases

0
0
2
0
0
0
0
1
1
0
0
0
2
0
0
0
6

0
0
12
6
2
6
3
6
6
6
1
8
12
0
0
2
72

0
0
14
6
2
6
3
7
7
6
1
8
14
0
0
2
78

Lee County
Zip
29009
29010
29020
29032
29040
29069
29080
29104
29128
29153
29550
Total

Reported
Cases

Estimated
Cases

Total Possible
Cases

0
16
0
0
0
0
2
0
0
0
0
18

0
104
16
0
3
1
6
3
9
4
1
147

0
120
16
0
3
1
8
3
9
4
1
165

Lexington County

Zip
29006
29033
29036
29053
29054
29063
29070
29072
29073
29075
29112
29123
29160
29169
29170
29172
29210
29212
Unknown
Total

Reported
Cases

Estimated
Cases

Total Possible
Cases

2
1
10
7
2
9
6
24
15
0
0
3
5
6
5
4
1
4
20
124

7
6
47
40
12
7
30
154
92
1
1
18
23
37
31
31
22
58
0
617

9
7
57
47
14
16
36
178
107
1
1
21
28
43
36
35
23
62
20
741

Marion County
Zip
29519
29546
29565
29571
29574
29581
29592
Unknown
Total

Reported
Cases

Estimated
Cases

Total Possible
Cases

0
1
0
0
2
0
0
1
3

6
6
1
6
12
1
1
0
34

6
7
1
6
14
1
1
1
38

Marlboro County
Zip
29512
29516
29525
29565
29570
29594
29596
Total

Reported
Cases

Estimated
Cases

Total Possible
Cases

3
0
0
0
0
0
0
6

37
6
6
0
6
6
6
68

43
6
6
0
6
6
6
74

McCormick County
Zip
29620
29628
29819
29821
29835
29838
29840
29845
29848
Total

Reported
Cases

Estimated
Cases

Total Possible
Cases

0
0
0
0
2
0
0
0
0
2

0
0
0
3
12
4
6
6
2
34

0
0
0
3
14
4
6
6
2
36

Newberry County
Zip
29036
29037
29075
29108
29122
29126
29127
29145
29178
29332
29355
Total

Reported
Cases

Estimated
Cases

Total Possible
Cases

0
0
0
3
0
1
1
0
1
0
1
7

1
4
4
25
6
6
12
6
5
0
3
72

1
4
4
28
6
7
13
6
6
0
4
79

Oconee County
29643
29658
29664
29665
29672
29676
29678
29686
29689
29691
29693
29696
Total

Reported
Cases

Estimated
Cases

Total Possible
Cases

0
0
0
0
1
1
5
0
0
0
1
0
8

5
6
6
6
6
6
31
6
1
6
12
6
97

5
6
6
6
7
7
36
6
1
6
13
6
105


Orangeburg County
29018
29030
29038
29039
29047
29048
29059
29107
29112
29113
29115
29118
29133
29135
29137
29142
29146
29160
29163
29432
29436
29471
29477
Unknown
Total

Reported
Cases

Estimated
Cases

Total Possible
Cases

0
0
2
0
1
0
1
1
3
0
11
5
0
0
0
1
0
0
0
1
0
0
0
2
28

6
3
18
6
3
6
6
6
17
6
68
30
6
1
2
6
4
0
6
5
0
0
0
0
205

6
3
20
6
4
6
7
7
20
6
79
35
6
1
2
7
4
0
6
6
0
0
0
2
233

Pickens County
Zip

29611
29630
29631
29634
29635
29640
29642
29657
29661
29667
29670
29671
29682
29685
Total

Reported
Cases

Estimated
Cases

Total Possible
Cases

0
0
2
0
0
6
7
2
0
0
0
1
2
0
20

2
6
12
6
2
37
30
11
2
6
0
6
12
6
139

2
6
14
6
2
43
37
13
2
6
0
7
14
6
159

Richland County
Zip
29016
29036
29044
29045
29052
29061
29063
29075
29078
29130
29180
29201
29203
29204
29205
29206
29207
29208
29209
29210
29212
29223
29229
Unknown
Total

Reported
Cases

Estimated
Cases

Total Possible
Cases

17
1
2
8
2
14
7
0
3
0
1
12
27
15
8
12
7
2
18
12
8
44
30
61
311

115
19
18
109
12
92
91
1
3
1
1
74
166
98
49
74
43
12
111
58
22
270
184
0
1625

132
20
20
117
14
106
98
1
6
1
2
86
193
113
57
86
50
14
129
70
30
314
214
61
1936

Saluda County
Zip
29006
29037
29070
29105
29127
29129
29138
29166
29666
29824
29832
29848
Total

Reported
Cases

Estimated
Cases

Total Possible
Cases

0
0
0
0
0
2
1
0
0
0
1
0
4

3
2
6
1
1
4
6
6
0
0
3
0
33

3
2
6
1
1
6
7
6
0
0
4
0
37

Spartanburg County
Zip
29301
29302
29303
29306
29307
29316
29322
29323
29330
29333
29334
29335
29346
29349
29356
29365
29369
29372
29374
29375
29376
29377
29385
29388
29650
29651
Unknown
Total

Reported
Cases

Estimated
Cases

Total Possible
Cases

8
7
3
12
3
6
1
6
0
0
4
2
0
8
0
2
3
0
0
1
4
1
3
6
0
1
7
88

49
43
18
74
18
37
6
33
4
6
25
10
6
49
3
12
18
4
6
6
25
6
18
36
0
39
0
553

57
50
21
86
21
43
7
39
4
6
29
12
6
57
3
14
21
4
6
7
29
7
21
42
0
40
7
641

Sumter County
Zip
29001
29040
29051
29080
29102
29104
29114
29125
29128
29150
29152
29153
29154
29162
29168
Unknown
Total

Reported
Cases

Estimated
Cases

Total Possible
Cases

0
6
1
0
0
1
0
1
11
26
1
17
18
0
3
5
90

1
34
7
6
0
3
2
3
53
160
12
101
111
0
18
0
510

1
40
8
6
0
4
2
4
64
186
13
118
129
0
21
5
600

Union County
Zip
29031
29178
29321
29335
29353
29372
29374
29379
Unknown
Total

Reported
Cases

Estimated
Cases

Total Possible
Cases

0
0
1
0
0
0
0
10
1
12

4
1
6
1
6
1
0
61
0
80

4
1
7
1
6
1
0
71
1
92

Williamsburg County
Zip
29056
29111
29440
29510
29518
29554
29555
29556
29560
29564
29580
29590
Total

Reported
Cases

Estimated
Cases

Total Possible
Cases

1
0
0
3
0
3
0
1
0
0
1
2
11

6
0
0
7
6
14
0
6
1
6
6
12
66

7
0
0
10
6
17
0
7
1
6
7
14
77

York County
Zip
29702
29704
29706
29707
29708
29710
29712
29715
29717
29726
29730
29732
29742
29743
29745
Unknown
Total

Reported
Cases

Estimated
Cases

Total Possible
Cases

0
0
0
0
11
13
0
22
0
0
15
25
0
0
5
4
95

0
5
0
0
68
80
1
135
6
6
92
154
6
5
31
0
588

0
5
0
0
79
93
1
157
6
6
107
179
6
5
36
4
683

