COVID-19 in South Carolina, by Zip Codes
Cases as of 4/3/2020 at 11:59 PM
Lab Confirmed Cases

1,917

Abbeville County
Zip

Positive
Cases (#)

29620
29627
29628
29638
29639
29646
29649
29653
29654
29655
29692
29819
Total

5
0
0
1
0
0
0
0
0
0
0
0
6

Aiken County
Zip
29006
29105
29129
29137
29146
29164
29801
29803
29805
29809
29828
29829
29831
29832
29841
29842
29847
29851
29853
29856
29860
Total

Positive
Cases (#)
0
0
0
3
0
1
2
4
2
0
0
0
1
0
9
1
0
0
0
0
1
24

Allendale County
Zip
29810
29812
29827
29836
29849
29932
Total

Positive
Cases (#)
1
0
1
0
0
0
2

Anderson County
Zip
29611
29621
29624
29625
29626
29627
29630
29631
29642
29643
29654
29655
29657
29669
29670
29673
29684
29689
29697
Unknown
Total

Positive
Cases (#)
0
23
5
12
5
5
0
0
1
0
0
5
0
1
1
2
2
0
2
3
68

Bamberg County
Zip
29003
29038
29042
29081
29082
29432
29481
29817
29843
Total

Positive
Cases (#)
2
1
2
0
0
0
0
0
0
5

Barnwell County
Zip
29812
29817
29836
29843
29849
29853
Total

Positive
Cases (#)
0
1
0
0
0
1
2

Beaufort County
Zip
29902
29904
29906
29907
29909
29910
29915
29920
29926
29928
29935
29936
29940
29941
29945
Unknown
Total

Positive
Cases (#)
14
0
11
10
7
25
1
7
10
4
3
1
0
0
1
54
148

Berkeley County
Zip
29059
29406
29410
29431
29434
29436
29445
29450
29453
29456
29461
29466
29468
29469
29472
29479
29483
29486
29492
Unknown
Total

Positive
Cases (#)
0
0
5
0
0
1
14
0
0
1
11
0
0
0
0
1
0
2
9
1
45

Calhoun County
Zip
29030
29047
29053
29112
29118
29135
29160
Total

Positive
Cases (#)
2
0
0
0
0
1
0
3

Charleston County
Zip
29401
29403
29404
29405
29406
29407
29409
29410
29412
29414
29418
29420
29424
29425
29426
29429
29438
29439
29449
29450
29451
29453
29455
29456
29458
29464
29466
29470
29482
29483
29485
29487
Unknown
Total

Positive
Cases (#)
9
22
2
8
10
22
0
0
29
28
12
2
0
1
0
4
1
1
6
1
3
0
12
8
1
45
30
3
6
0
1
3
4
274

Cherokee County
Zip
29306
29307
29323
29330
29340
29341
29372
29702
29743
Total

Positive
Cases (#)
0
0
0
0
1
1
0
0
0
2

Chester County
Zip
29014
29031
29055
29704
29706
29712
29714
29729
29730
29742
Total

Positive
Cases (#)
0
0
2
0
5
1
1
0
0
0
12

Chesterfield County
Zip
29009
29101
29520
29550
29584
29593
29709
29718
29720
29727
29728
29741
Unknown
Total

Positive
Cases (#)
0
1
4
0
0
0
2
0
0
0
3
1
2
13

Clarendon County
Zip
29001
29051
29056
29102
29111
29114
29125
29148
29162
29518
29560
Unknown
Total

Positive
Cases (#)
2
1
0
30
0
0
0
8
0
0
0
4
45

Colleton County
Zip
29081
29082
29432
29435
29438
29446
29452
29472
29474
29475
29477
29481
29488
29493
29929
29945
Total

Positive
Cases (#)
0
0
0
0
0
0
0
0
0
2
0
0
5
0
2
0
9

Darlington County
Zip
29069
29101
29161
29501
29506
29532
29540
29550
29593
Unknown
Total

Positive
Cases (#)
0
0
0
0
0
0
3
14
1
1
19

Dillon County
Zip
29525
29536
29543
29547
29563
29565
29567
29571
29574
29581
29592
Total

Positive
Cases (#)
0
0
0
1
0
0
0
0
0
0
0
1

Dorchester County
Zip
29018
29414
29418
29420
29426
29432
29437
29448
29456
29470
29471
29472
29477
29483
29485
Unknown
Total

Positive
Cases (#)
0
0
0
9
0
0
0
0
1
0
2
2
3
8
16
4
45

Edgefield County
Zip
29129
29138
29821
29824
29832
29835
29838
29841
29845
29847
29860
Total

Positive
Cases (#)
0
0
0
1
2
0
0
0
0
0
2
5

Fairfield County
Zip
29014
29015
29016
29031
29045
29055
29065
29130
29180
Total

Positive
Cases (#)
0
0
2
0
1
0
1
6
2
12

Florence County
Zip
29114
29161
29501
29505
29506
29530
29541
29554
29555
29560
29583
29591
Unknown
Total

Positive
Cases (#)
0
0
12
1
6
0
3
0
0
0
4
1
8
35

Georgetown County
Zip
29440
29510
29554
29576
29585
Unknown
Total

Positive
Cases (#)
1
0
1
2
9
4
17

Greenville County
Zip
29322
29356
29601
29605
29607
29609
29611
29615
29617
29627
29635
29644
29650
29651
29654
29661
29662
29669
29673
29680
29681
29683
29687
29690
Unknown
Total

Positive
Cases (#)
0
0
5
13
7
4
14
12
2
0
0
3
8
11
0
1
5
1
6
8
18
0
11
1
53
183

Greenwood County
Zip
29138
29638
29646
29649
29653
29666
29692
29819
29848
Unknown
Total

Positive
Cases (#)
0
0
5
4
0
0
0
0
0
1
10

Horry County
Zip
29511
29526
29527
29544
29545
29566
29568
29569
29572
29575
29576
29577
29579
29581
29582
29588
Unknown
Total

Positive
Cases (#)
1
6
9
0
1
4
5
3
0
3
10
6
2
0
1
7
5
63

Hampton County
Zip
29827
29911
29916
29918
29921
29922
29923
29924
29932
29934
29944
29945
Total

Positive
Cases (#)
0
0
0
0
0
0
0
0
0
0
1
0
1

Jasper County
Zip
29909
29912
29916
29922
29927
29934
29936
29943
29944
29945
Total

Positive
Cases (#)
1
1
0
0
4
0
3
0
0
0
9

Kershaw County
Zip
29009
29010
29020
29032
29045
29058
29067
29074
29078
29128
29130
29175
29718
Unknown
Total

Positive
Cases (#)
2
0
77
1
29
0
3
0
24
0
0
1
0
4
141

Lancaster County
Zip
29058
29067
29707
29718
29720
Total

Positive
Cases (#)
2
2
11
0
24
39

Laurens County
Zip
29037
29178
29325
29332
29335
29351
29355
29360
29370
29384
29388
29644
29645
29654
29681
29692
Total

Positive
Cases (#)
0
0
2
0
0
0
0
1
1
0
0
0
2
0
0
0
6

Lexington County
Zip
29006
29033
29036
29053
29054
29063
29070
29072
29073
29075
29112
29123
29160
29169
29170
29172
29210
29212
Unknown
Total

Positive
Cases (#)
2
1
9
7
2
7
5
18
13
0
0
3
3
4
3
2
1
3
12
95

Marion County
Zip
29519
29546
29565
29571
29574
29581
29592
Total

Positive
Cases (#)
0
0
0
0
2
0
0
2

Marlboro County
Zip
29512
29516
29525
29565
29570
29594
29596
Total

Positive
Cases (#)
3
0
0
0
0
0
0
3

McCormick County
Zip
29620
29628
29819
29821
29835
29838
29840
29845
29848
Total

Positive
Cases (#)
0
0
0
0
1
0
0
0
0
1

Newberry County
Zip
29036
29037
29075
29108
29122
29126
29127
29145
29178
29332
29355
Unknown
Total

Positive
Cases (#)
0
0
0
3
0
1
1
0
1
0
1
1
8

Lee County
Zip
29009
29010
29020
29032
29040
29069
29080
29104
29128
29153
29550
Total

Positive
Cases (#)
0
15
0
0
0
0
1
0
0
0
0
16

Oconee County
Zip
29643
29658
29664
29665
29672
29676
29678
29686
29689
29691
29693
29696
Total

Positive
Cases (#)
0
0
0
0
1
1
5
0
0
0
1
0
8

Orangeburg County
Zip
29018
29030
29038
29039
29047
29048
29059
29107
29112
29113
29115
29118
29133
29135
29137
29142
29146
29160
29163
29432
29436
29471
29477
Total

Positive
Cases (#)
0
0
2
0
1
0
1
1
3
0
11
5
0
0
0
1
0
0
0
1
0
0
0
26

Pickens County
Zip
29611
29630
29631
29634
29635
29640
29642
29657
29661
29667
29670
29671
29682
29685
Total

Positive
Cases (#)
0
0
1
0
0
6
6
1
0
0
0
1
2
0
17

Richland County
Zip
29016
29036
29044
29045
29052
29061
29063
29075
29078
29130
29180
29201
29203
29204
29205
29206
29207
29208
29209
29210
29212
29223
29229
Unknown
Total

Positive
Cases (#)
13
1
3
5
2
13
6
0
3
0
1
10
22
14
5
9
7
1
14
10
4
38
20
41
242

Saluda County
Zip
29006
29037
29070
29105
29127
29129
29138
29166
29666
29824
29832
29848
Total

Positive
Cases (#)
0
0
0
0
0
2
1
0
0
0
1
0
4

Spartanburg County
Zip
29301
29302
29303
29306
29307
29316
29322
29323
29330
29333
29334
29335
29346
29349
29356
29365
29369
29372
29374
29375
29376
29377
29385
29388
29650
29651
Unknown
Total

Positive
Cases (#)
7
6
3
10
2
5
1
4
0
0
3
1
0
8
0
0
3
0
0
1
4
1
3
4
0
1
5
72

Sumter County
Zip
29001
29040
29051
29080
29102
29104
29114
29125
29128
29150
29152
29153
29154
29162
29168
Unknown
Total

Positive
Cases (#)
0
5
1
0
0
1
0
1
11
22
1
13
18
0
1
5
79

Union County
Zip
29031
29178
29321
29335
29353
29364
29372
29374
29379
Total

Positive
Cases (#)
0
0
1
0
0
1
0
0
7
9

Williamsburg County
Zip

Positive
Cases (#)

29056
29111
29440
29510
29518
29554
29555
29556
29560
29564
29580
29590
Total

1
0
0
3
0
2
0
1
0
0
1
1
9

York County
Zip
29702
29704
29706
29707
29708
29710
29712
29715
29717
29726
29730
29732
29742
29743
29745
Unknown
Total

Positive
Cases (#)
0
0
0
0
10
10
0
19
0
0
14
23
0
0
4
1
81

