COVID-19 in South Carolina, by Zip Codes
Cases as of 4/7/2020 at 11:59 PM

Abbeville County
Zip
29620
29627
29628
29638
29639
29646
29649
29653
29654
29655
29692
29819
Total

Reported
Cases

Estimated
Cases

Total Possible
Cases

6
0
0
0
0
0
0
0
0
0
0
0
6

37
0
6
5
6
0
0
0
4
16
1
0
76

43
0
6
5
6
0
0
0
4
16
1
0
82

Aiken County
Zip
29006
29105
29129
29137
29146
29164
29801
29803
29805
29809
29828
29829
29831
29832
29841
29842
29847
29851
29853
29856
29860
Unknown
Total

0
0
0
4
0
1
3
7
2
0
0
0
1
0
9
2
0
0
0
0
1
2
32

2
5
11
22
3
6
18
43
12
6
6
6
6
0
55
12
1
6
3
6
8
0
240

2
5
11
26
3
7
21
50
14
6
6
6
7
0
64
14
1
6
3
6
9
2
272

Allendale County
Zip
29810
29812
29827
29836
29849
29932
Total

Reported
Cases

Estimated
Cases

Total Possible
Cases

1
0
1
0
0
0
2

6
0
6
6
5
2
25

7
0
7
6
5
2
27

Anderson County
Zip
29611
29621
29624
29625
29626
29627
29630
29631
29642
29643
29654
29655
29657
29669
29670
29673
29684
29689
29697
Unknown
Total

Reported
Cases

Estimated
Cases

Total Possible
Cases

0
27
6
13
5
5
0
0
2
0
3
8
0
2
1
1
3
1
2
6
85

5
166
37
80
31
28
0
0
24
2
12
33
2
10
6
31
18
6
12
0
502

5
193
43
93
36
33
0
0
26
2
15
41
2
12
7
32
21
7
14
6
587

Bamberg County
Zip
29003
29038
29042
29081
29082
29432
29481
29817
29843
Total

Reported
Cases

Estimated
Cases

Total Possible
Cases

2
1
3
0
0
0
0
0
0
6

12
0
18
6
0
1
1
0
4
43

14
1
21
6
0
1
1
0
4
49

Barnwell County
Zip
29812
29817
29836
29843
29849
29853
Total

Reported
Cases

Estimated
Cases

Total Possible
Cases

0
1
0
0
0
2
3

6
6
1
2
1
10
25

6
7
1
2
1
12
28

Beaufort County
29902
29904
29906
29907
29909
29910
29915
29920
29926
29928
29935
29936
29940
29941
29945
Unknown
Total

Reported
Cases

Estimated
Cases

Total Possible
Cases

64
0
19
11
7
31
1
6
11
7
5
1
1
1
1
8
174

393
6
117
68
43
190
6
37
68
43
31
0
6
6
2
0
1,016

457
6
136
79
50
221
7
43
79
50
36
1
7
7
3
8
1,190

Reported
Cases

Estimated
Cases

Total Possible
Cases

Berkeley County
29059
29406
29410
29431
29434
29436
29445
29450
29453
29456
29461
29466
29468
29469
29472
29479
29483
29486
29492
Unknown
Total

0
0
5
0
0
1
17
0
0
1
16
0
0
0
0
2
0
2
11
1
56

1
0
37
6
6
6
104
6
6
21
98
0
6
6
1
12
11
12
68
0
408

1
0
42
6
6
7
121
6
6
22
114
0
6
6
1
14
11
14
79
1
464

Calhoun County
Zip

29030
29047
29053
29112
29118
29135
29160
Total

Reported
Cases

Estimated
Cases

Total Possible
Cases

2
0
0
0
0
3
0
5

9
3
4
1
1
18
8
44

11
3
4
1
1
21
8
49

Charleston County
Zip
29401
29403
29404
29405
29406
29407
29409
29410
29412
29414
29418
29420
29424
29425
29426
29429
29438
29439
29449
29450
29451
29453
29455
29456
29458
29464
29466
29470
29482
29483
29485
29487
Unknown
Total

Reported
Cases

Estimated
Cases

Total Possible
Cases

9
22
2
12
13
24
0
0
35
31
14
2
0
1
0
5
1
1
6
1
4
0
12
10
2
48
34
5
7
0
1
4
2
308

55
135
12
74
80
147
6
0
215
190
68
27
6
6
5
31
4
6
37
0
25
0
74
24
12
295
209
28
43
2
9
25
0
1,850

64
157
14
86
93
171
6
0
250
221
82
29
6
7
5
36
5
7
43
1
29
0
86
34
14
343
243
33
50
2
10
29
2
2,158

Cherokee County
Zip
29306
29307
29323
29330
29340
29341
29372
29702
29743
Total

Estimated
Cases

Total Possible
Cases

0
0
0
0
2
2
0
0
0
4

0
1
5
2
12
12
4
6
1
43

0
1
5
2
14
14
4
6
1
47

Chester County
Zip
29014
29031
29055
29704
29706
29712
29714
29729
29730
29742
Total

Estimated
Cases

Total Possible
Cases

0
0
4
0
7
1
4
0
0
0
16

4
2
20
1
43
5
25
6
1
1
107

4
2
24
1
50
6
29
6
1
1
123

Chesterfield County
Zip
29009
29101
29520
29550
29584
29593
29709
29718
29720
29727
29728
29741
Unknown
Total

Reported
Cases

Estimated
Cases

Total Possible
Cases

0
2
6
1
0
0
2
1
0
0
4
1
3
20

0
10
37
7
6
2
12
6
0
6
25
6
0
117

0
12
43
8
6
2
14
7
0
6
29
7
3
137

Clarendon County
Zip

29001
29051
29056
29102
29111
29114
29125
29148
29162
29518
29560
Total

Reported
Cases

Estimated
Cases

Total Possible
Cases

3
1
0
49
0
0
0
18
1
0
0
72

16
5
0
301
6
0
13
111
6
0
1
459

19
6
0
350
6
0
13
129
7
0
1
531

Colleton County
Zip
29081
29082
29432
29435
29438
29446
29452
29472
29474
29475
29477
29481
29488
29493
29929
29945
Total

Reported
Cases

Estimated
Cases

Total Possible
Cases

0
0
0
2
0
1
0
0
0
3
0
0
5
0
1
0
12

0
6
0
12
3
6
6
1
6
18
0
5
31
6
6
2
109

0
6
0
14
3
7
6
1
6
21
0
5
36
6
7
2
121


Darlington County
29069
29101
29161
29501
29506
29532
29540
29550
29593
Unknown
Total

Reported
Cases

Estimated
Cases

Total Possible
Cases

2
0
0
0
0
4
4
16
1
1
28

11
2
1
7
0
25
25
97
4
0
172

13
2
1
7
0
29
29
113
5
1
200

Dillon County
Zip
29525
29536
29543
29547
29563
29565
29567
29571
29574
29581
29592
Total

0
0
0
1
0
0
0
0
0
0
0
1

0
6
6
6
6
5
6
0
0
1
5
42

0
6
6
7
6
5
6
0
0
1
5
43


Dorchester County
Zip
29018
29414
29418
29420
29426
29432
29437
29448
29456
29470
29471
29472
29477
29483
29485
Total

0
0
0
14
0
0
0
0
1
0
2
1
3
16
17
54

0
0
18
72
1
0
6
6
29
2
12
4
18
86
102
356

0
0
18
86
1
0
6
6
30
2
14
5
21
102
119
410

Edgefield County
Zip
29129
29138
29821
29824
29832
29835
29838
29841
29845
29847
29860
Total

Reported
Cases

Estimated
Cases

Total Possible
Cases

0
0
0
1
3
0
0
0
0
0
2
6

1
0
3
6
21
1
2
0
0
5
10
49

1
0
3
7
24
1
2
0
0
5
12
55

Fairfield County
Zip
29014
29015
29016
29031
29045
29055
29065
29130
29180
Unknown
Total

Reported
Cases

Estimated
Cases

Total Possible
Cases

0
0
1
0
1
0
1
6
6
1
16

2
6
2
1
2
4
6
29
42
0
94

2
6
3
1
3
4
7
35
48
1
110

Florence County
Zip
29114
29161
29501
29505
29506
29530
29541
29554
29555
29560
29583
29591
Unknown
Total

Reported
Cases

Estimated
Cases

Total Possible
Cases

0
0
17
3
6
0
3
0
0
3
4
2
9
47

4
5
97
18
37
6
18
1
6
16
25
12
0
246

4
5
114
21
43
6
21
1
6
19
29
14
9
293

Georgetown County
Zip
29440
29510
29554
29576
29585
Unknown
Total

Reported
Cases

Estimated
Cases

Total Possible
Cases

6
0
1
2
10
5
24

37
11
10
30
61
0
150

43
11
11
32
71
5
174

Greenville County
Zip
29322
29356
29601
29605
29607
29609
29611
29615
29617
29627
29635
29644
29650
29651
29654
29661
29662
29669
29673
29680
29681
29683
29687
29690
Unknown
Total

Reported
Cases

Estimated
Cases

Total Possible
Cases

0
0
7
18
13
6
17
13
5
0
1
4
10
18
0
2
7
1
9
12
22
0
12
2
44
223

0
3
43
111
80
37
97
80
31
3
4
17
61
71
2
10
43
9
30
74
135
6
74
12
0
1,031

0
3
50
129
93
43
114
93
36
3
5
21
71
89
2
12
50
10
39
86
157
6
86
14
44
1,254

Greenwood County
Zip
29138
29638
29646
29649
29653
29666
29692
29819
29848
Unknown
Total

Reported
Cases

Estimated
Cases

Total Possible
Cases

0
1
5
6
0
0
1
0
0
1
14

0
1
31
37
6
6
3
6
4
0
93

0
2
36
43
6
6
4
6
4
1
107

Horry County
Zip
29511
29526
29527
29544
29545
29566
29568
29569
29572
29575
29576
29577
29579
29581
29582
29588
Unknown
Total

Reported
Cases

Estimated
Cases

Total Possible
Cases

1
10
14
0
1
6
5
3
1
5
11
12
7
0
2
14
6
98

6
61
86
6
6
37
31
18
6
31
49
74
43
4
12
86
0
557

7
71
100
6
7
43
36
21
7
36
60
86
50
4
14
100
6
655

Hampton County
29827
29911
29916
29918
29921
29922
29923
29924
29932
29934
29944
29945
Total

Reported
Cases

Estimated
Cases

Total Possible
Cases

0
0
0
3
0
0
0
0
0
0
1
0
4

0
6
4
18
6
4
6
6
4
1
6
2
63

0
6
4
21
6
4
6
6
4
1
7
2
67

Jasper County
Zip
29909
29912
29916
29922
29927
29934
29936
29943
29944
29945
Total

1
1
0
0
5
0
5
0
0
0
12

6
6
3
3
31
6
37
6
0
1
97

7
7
3
3
36
6
42
6
0
1
109

Kershaw County
29009
29010
29020
29032
29045
29058
29067
29074
29078
29128
29130
29175
29718
Total

Reported
Cases

Estimated
Cases

Total Possible
Cases

3
0
91
2
37
0
3
0
28
0
0
1
0
165

18
1
542
11
159
0
9
6
187
5
7
6
0
953

21
1
633
13
196
0
12
6
215
5
7
7
0
1,118

Lancaster County
Zip

29058
29067
29707
29718
29720
Total

Reported
Cases

Estimated
Cases

Total Possible
Cases

3
2
16
0
27
48

18
22
98
0
166
304

21
24
114
0
193
352

Laurens County
Zip
29037
29178
29325
29332
29335
29351
29355
29360
29370
29384
29388
29644
29645
29654
29681
29692
Total

Reported
Cases

Estimated
Cases

Total Possible
Cases

0
0
3
0
0
0
0
2
1
0
0
0
2
0
0
0
8

0
0
18
6
2
6
3
12
6
6
1
8
12
1
0
2
85

0
0
21
6
2
6
3
14
7
6
1
8
14
1
0
2
93

Lee County
Zip
29009
29010
29020
29032
29040
29069
29080
29104
29128
29153
29550
Total

Reported
Cases

Estimated
Cases

Total Possible
Cases

0
19
0
0
0
0
3
0
0
0
0
22

1
116
17
1
4
1
9
3
9
5
1
166

1
135
17
1
4
1
12
3
9
5
1
188

Lexington County
29006
29033
29036
29053
29054
29063
29070
29072
29073
29075
29112
29123
29160
29169
29170
29172
29210
29212
Unknown
Total

Reported
Cases

Estimated
Cases

Total Possible
Cases

2
1
12
10
2
12
7
24
18
0
1
3
5
8
5
4
1
5
8
128

7
6
56
57
12
9
36
147
111
1
2
18
23
49
31
31
34
71
0
700

9
7
68
67
14
21
43
171
129
1
3
21
28
57
36
35
35
76
8
828

Marion County
Zip
29519
29546
29565
29571
29574
29581
29592
Total

Reported
Cases

Estimated
Cases

Total Possible
Cases

0
3
0
0
2
0
0
5

6
18
1
6
12
1
1
47

6
21
1
6
14
1
1
52

Marlboro County
29512
29516
29525
29565
29570
29594
29596
Total

Reported
Cases

Estimated
Cases

Total Possible
Cases

10
0
0
0
0
0
0
10

68
6
6
0
6
6
6
98

78
6
6
0
6
6
6
108

McCormick County
Zip

29620
29628
29819
29821
29835
29838
29840
29845
29848
Total

Reported
Cases

Estimated
Cases

Total Possible
Cases

0
0
0
0
2
0
0
0
0
2

0
0
0
3
12
4
6
6
2
34

0
0
0
3
14
4
6
6
2
36

Newberry County
Zip
29036
29037
29075
29108
29122
29126
29127
29145
29178
29332
29355
Total

Reported
Cases

Estimated
Cases

Total Possible
Cases

0
0
0
4
0
1
2
0
1
0
1
9

1
4
4
25
6
6
12
6
5
0
3
72

1
4
4
29
6
7
14
6
6
0
4
81

Oconee County
Zip
29643
29658
29664
29665
29672
29676
29678
29686
29689
29691
29693
29696
Unknown
Total

Reported
Cases

Estimated
Cases

Total Possible
Cases

0
0
0
0
1
1
5
0
0
0
2
0
2
11

5
6
6
6
6
6
31
6
1
6
12
6
0
97

5
6
6
6
7
7
36
6
1
6
14
6
2
108

Orangeburg County
Zip
29018
29030
29038
29039
29047
29048
29059
29107
29112
29113
29115
29118
29133
29135
29137
29142
29146
29160
29163
29432
29436
29471
29477
Total

Reported
Cases

Estimated
Cases

Total Possible
Cases

0
0
2
0
1
0
2
1
4
0
13
6
0
0
0
1
0
0
0
1
0
0
0
31

6
3
18
6
3
6
12
6
28
6
80
35
6
1
2
6
4
0
6
5
0
0
0
240

6
3
20
6
4
6
14
7
32
6
93
41
6
1
2
7
4
0
6
6
0
0
0
271

Pickens County
Zip
29611
29630
29631
29634
29635
29640
29642
29657
29661
29667
29670
29671
29682
29685
Total

Reported
Cases

Estimated
Cases

Total Possible
Cases

0
1
1
0
0
6
8
2
0
0
0
1
2
0
21

2
6
12
6
2
37
37
11
2
6
0
6
12
6
146

2
7
13
6
2
43
45
13
2
6
0
7
14
6
167

Richland County
Zip
29016
29036
29044
29045
29052
29061
29063
29075
29078
29130
29180
29201
29203
29204
29205
29206
29207
29208
29209
29210
29212
29223
29229
Unknown
Total

Reported
Cases

Estimated
Cases

Total Possible
Cases

21
1
2
8
4
18
8
0
3
0
1
14
34
18
10
16
12
2
22
19
11
62
35
51
372

133
23
12
122
25
111
114
1
3
1
1
86
209
111
61
98
74
12
135
89
27
381
215
0
2,044

154
24
14
130
29
129
122
1
6
1
2
100
243
129
71
114
86
14
157
108
38
443
250
51
2,416

Saluda County
Zip
29006
29037
29070
29105
29127
29129
29138
29166
29666
29824
29832
29848
Total

Reported
Cases
0
0
0
0
0
3
1
0
0
0
1
0
5

Estimated
Cases
3
2
7
1
1
6
6
6
0
0
3
0
36

Sumter County
Total Possible
Cases
3
2
7
1
1
9
7
6
0
0
4
0
41

Spartanburg County
Zip
29301
29302
29303
29306
29307
29316
29322
29323
29330
29333
29334
29335
29346
29349
29356
29365
29369
29372
29374
29375
29376
29377
29385
29388
29650
29651
Unknown
Total

Reported
Cases

Estimated
Cases

Total Possible
Cases

11
10
3
17
5
12
2
8
0
0
4
2
0
12
0
4
4
4
1
1
6
1
6
10
0
2
1
126

68
61
18
104
30
74
12
45
4
6
25
10
6
74
3
25
25
17
6
6
37
6
37
60
0
52
0
810

79
71
21
121
35
86
14
53
4
6
29
12
6
86
3
29
29
21
7
7
43
7
43
70
0
54
1
936

Sumter County
Zip
29001
29040
29051
29080
29102
29104
29114
29125
29128
29150
29152
29153
29154
29162
29168
Unknown
Total

Reported
Cases

Estimated
Cases

Total Possible
Cases

0
8
1
0
0
1
0
4
11
35
2
20
27
0
3
5
117

2
45
7
9
0
3
2
12
53
215
12
118
166
0
18
0
663

2
53
8
9
0
4
2
16
64
250
14
138
193
0
21
5
780

Union County
Zip
29031
29178
29321
29335
29353
29372
29374
29379
Total

Reported
Cases

Estimated
Cases

Total Possible
Cases

0
0
1
0
0
0
0
15
16

4
1
6
1
6
3
0
92
113

4
1
7
1
6
3
0
107
129

Williamsburg County
Zip
29056
29111
29440
29510
29518
29554
29555
29556
29560
29564
29580
29590
Total

Reported
Cases

Estimated
Cases

Total Possible
Cases

1
0
0
3
0
3
0
1
0
0
2
3
13

6
0
0
7
6
14
0
6
2
6
12
18
79

7
0
0
10
6
17
0
7
2
6
14
21
92

York County
Zip
29702
29704
29706
29707
29708
29710
29712
29715
29717
29726
29730
29732
29742
29743
29745
Unknown
Total

Reported
Cases

Estimated
Cases

Total Possible
Cases

0
1
0
0
12
19
0
23
1
0
19
32
0
0
6
2
115

0
5
0
0
74
117
1
141
6
6
116
197
6
5
37
0
710

0
6
0
0
86
136
1
164
7
6
135
229
6
5
43
2
825
