COVID-19 Cases, by Zip Code
Zip Count Legend
0 Cases
1 Case
2 - 5 Cases
6 - 10 Cases
11 - 20 Cases
> 20 Cases

© OpenStreetMap

COVID-19 Cases by Zip Code
Zip

29001
29003
29006
29009
29010
29014
29015
29016
29018
29020
29030
29031
29032
29033
29036
29037
29038
29039
29040
29042
29044
29045
29047
29048
29051
29052
29053
29054
29055
29056
29058
29059
29061
29063
29065
29067
29069
29070
29072
29073
29074
29075
29078
29080
29081

Reported Cases
4
3
3
3
21
1
0
29
0
94
2
0
2
1
13
0
4
0
9
3
6
55
1
1
2
4
14
2
5
1
3
2
19
25
1
6
3
13
30
23
0
0
34
4
0

Estimated Cases
25
18
18
18
129
6
6
178
6
577
12
6
12
6
80
6
25
6
55
18
37
338
6
6
12
25
86
12
31
6
18
12
117
154
6
37
18
80
184
141
6
6
209
25
6

Total Possible Cases
29
21
21
21
150
7
6
207
6
671
14
6
14
7
93
6
29
6
64
21
43
393
7
7
14
29
100
14
36
7
21
14
136
179
7
43
21
93
214
164
6
6
243
29
6

COVID-19 Cases by Zip Code
Zip
29082
29101
29102
29104
29105
29107
29108
29111
29112
29113
29114
29115
29118
29122
29123
29125
29126
29127
29128
29129
29130
29133
29135
29137
29138
29142
29145
29146
29148
29150
29152
29153
29154
29160
29161
29162
29163
29164
29166
29168
29169
29170
29172
29175
29178

Reported Cases
0
2
58
1
1
1
6
0
8
0
0
14
6
0
3
6
1
3
15
4
7
0
4
5
3
1
0
1
22
42
2
29
33
8
0
1
0
3
0
4
13
10
8
2
1

Estimated Cases
6
12
356
6
6
6
37
6
49
6
6
86
37
6
18
37
6
18
92
25
43
6
25
31
18
6
6
6
135
258
12
178
203
49
6
6
6
18
6
25
80
61
49
12
6

Total Possible Cases
6
14
414
7
7
7
43
6
57
6
6
100
43
6
21
43
7
21
107
29
50
6
29
36
21
7
6
7
157
300
14
207
236
57
6
7
6
21
6
29
93
71
57
14
7

COVID-19 Cases by Zip Code
Zip
29180
29201
29203
29204
29205
29206
29207
29208
29209
29210
29212
29223
29229
29301
29302
29303
29306
29307
29316
29321
29322
29323
29325
29330
29332
29333
29334
29335
29340
29341
29346
29349
29351
29353
29355
29356
29360
29365
29369
29370
29372
29374
29375
29376
29377

Reported Cases
11
18
45
27
12
18
40
2
31
28
23
74
51
18
11
3
17
8
13
1
2
11
4
1
0
0
4
2
4
3
0
17
0
0
1
0
3
7
7
1
5
2
1
10
2

Estimated Cases
68
111
276
166
74
111
246
12
190
172
141
455
313
111
68
18
104
49
80
6
12
68
25
6
6
6
25
12
25
18
6
104
6
6
6
6
18
43
43
6
31
12
6
61
12

Total Possible Cases
79
129
321
193
86
129
286
14
221
200
164
529
364
129
79
21
121
57
93
7
14
79
29
7
6
6
29
14
29
21
6
121
6
6
7
6
21
50
50
7
36
14
7
71
14

COVID-19 Cases by Zip Code
Zip
29379
29384
29385
29388
29401
29403
29404
29405
29406
29407
29409
29410
29412
29414
29418
29420
29424
29425
29426
29429
29431
29432
29434
29435
29436
29437
29438
29439
29440
29445
29446
29448
29449
29450
29451
29452
29453
29455
29456
29458
29461
29464
29466
29468
29469

Reported Cases
21
0
8
12
9
23
2
17
14
30
0
8
36
31
16
19
0
2
0
5
0
1
0
2
1
1
1
1
10
20
1
0
6
1
4
0
0
13
12
2
20
52
34
0
0

Estimated Cases
129
6
49
74
55
141
12
104
86
184
6
49
221
190
98
117
6
12
6
31
6
6
6
12
6
6
6
6
61
123
6
6
37
6
25
6
6
80
74
12
123
319
209
6
6

Total Possible Cases
150
6
57
86
64
164
14
121
100
214
6
57
257
221
114
136
6
14
6
36
6
7
6
14
7
7
7
7
71
143
7
6
43
7
29
6
6
93
86
14
143
371
243
6
6

COVID-19 Cases by Zip Code
Zip
29470
29471
29472
29474
29475
29477
29479
29481
29482
29483
29485
29486
29487
29488
29492
29493
29501
29505
29506
29510
29511
29512
29516
29518
29519
29520
29525
29526
29527
29530
29532
29536
29540
29541
29543
29544
29545
29546
29547
29550
29554
29555
29556
29560
29563

Reported Cases
5
2
1
0
3
3
3
0
7
19
22
3
4
7
11
0
24
5
7
3
1
13
1
0
0
7
0
15
19
0
8
1
5
4
0
1
1
3
1
19
7
0
1
5
0
0

Estimated Cases
31
12
6
6
18
18
18
6
43
117
135
18
25
43
68
6
147
31
43
18
6
80
6
6
6
43
6
92
117
6
49
6
31
25
6
6
6
18
6
117
43
6
6
31
6
6

Total Possible Cases
36
14
7
6
21
21
21
6
50
136
157
21
29
50
79
6
171
36
50
21
7
93
7
6
6
50
6
107
136
6
57
7
36
29
6
7
7
21
7
136
50
6
7
36
6
6

COVID-19 Cases by Zip Code
Zip
29564
29565
29566
29567
29568
29569
29570
29571
29572
29574
29575
29576
29577
29579
29580
29581
29582
29583
29584
29585
29588
29590
29591
29592
29593
29594
29596
29601
29605
29607
29609
29611
29615
29617
29620
29621
29624
29625
29626
29627
29628
29630
29631
29634
29635

Reported Cases
0
0
7
0
6
5
0
0
6
2
5
18
15
11
2
0
4
4
0
11
17
3
4
0
1
0
1
12
31
20
15
24
19
8
9
29
8
17
7
7
0
1
2
0
1

Estimated Cases
6
6
43
6
37
31
6
6
37
12
31
111
92
68
12
6
25
25
6
68
104
18
25
6
6
6
6
74
190
123
92
147
117
49
55
178
49
104
43
43
6
6
12
6
6

Total Possible Cases
6
6
50
6
43
36
6
6
43
14
36
129
107
79
14
6
29
29
6
79
121
21
29
6
7
6
7
86
221
143
107
171
136
57
64
207
57
121
50
50
6
7
14
6
7

COVID-19 Cases by Zip Code
Zip
29638
29639
29640
29642
29643
29644
29645
29646
29649
29650
29651
29653
29654
29655
29657
29658
29661
29662
29664
29665
29666
29667
29669
29670
29671
29672
29673
29676
29678
29680
29681
29682
29683
29684
29685
29686
29687
29689
29690
29691
29692
29693
29696
29697
29702

Reported Cases
1
0
8
15
0
6
3
6
7
12
29
0
4
9
4
0
2
10
0
0
1
0
4
2
1
2
13
1
5
25
33
2
0
3
0
0
17
1
4
0
2
3
0
3
1

Estimated Cases
6
6
49
92
6
37
18
37
43
74
178
6
25
55
25
6
12
61
6
6
6
6
25
12
6
12
80
6
31
154
203
12
6
18
6
6
104
6
25
6
12
18
6
18
6

Total Possible Cases
7
6
57
107
6
43
21
43
50
86
207
6
29
64
29
6
14
71
6
6
7
6
29
14
7
14
93
7
36
179
236
14
6
21
6
6
121
7
29
6
14
21
6
21
7

COVID-19 Cases by Zip Code
Zip
29704
29706
29707
29708
29709
29710
29712
29714
29715
29717
29718
29720
29726
29727
29728
29729
29730
29732
29741
29742
29743
29745
29801
29803
29805
29809
29810
29812
29817
29819
29821
29824
29827
29828
29829
29831
29832
29835
29836
29838
29840
29841
29842
29843
29845

Reported Cases
1
8
16
14
2
22
1
4
23
1
1
41
0
0
5
0
23
34
1
0
0
7
6
15
2
0
1
1
1
0
0
3
3
0
1
2
4
3
0
0
0
10
3
0
0

Estimated Cases
6
49
98
86
12
135
6
25
141
6
6
252
6
6
31
6
141
209
6
6
6
43
37
92
12
6
6
6
6
6
6
18
18
6
6
12
25
18
6
6
6
61
18
6
6

Total Possible Cases
7
57
114
100
14
157
7
29
164
7
7
293
6
6
36
6
164
243
7
6
6
50
43
107
14
6
7
7
7
6
6
21
21
6
7
14
29
21
6
6
6
71
21
6
6

COVID-19 Cases by Zip Code
Zip
29847
29848
29849
29851
29853
29856
29860
29902
29904
29906
29907
29909
29910
29911
29912
29915
29916
29918
29920
29921
29922
29923
29924
29926
29927
29928
29929
29932
29934
29935
29936
29940
29941
29943
29944
29945

Reported Cases
0
0
0
0
3
0
4
66
0
21
13
10
36
0
1
1
0
3
8
0
0
0
0
13
5
7
1
0
0
5
6
1
1
0
2
3

Estimated Cases
6
6
6
6
18
6
25
405
6
129
80
61
221
6
6
6
6
18
49
6
6
6
6
80
31
43
6
6
6
31
37
6
6
6
12
18

Total Possible Cases
6
6
6
6
21
6
29
471
6
150
93
71
257
6
7
7
6
21
57
6
6
6
6
93
36
50
7
6
6
36
43
7
7
6
14
21

