COVID-19 Cases, by Zip Code
Reported Cases
0 Cases
1 - 5 Cases
6 - 20 Cases
21 - 40 Cases
> 40 Cases

© OpenStreetMap

COVID-19 Cases by Zip Code
Zip

29001
29003
29006
29009
29010
29014
29015
29016
29018
29020
29030
29031
29032
29033
29036
29037
29038
29039
29040
29042
29044
29045
29047
29048
29051
29052
29053
29054
29055
29056
29058
29059
29061
29063
29065
29067
29069
29070
29072
29073
29074
29075
29078
29080
29081

Reported Cases
8
4
9
5
42
2
0
42
1
118
1
0
2
8
42
0
4
0
15
3
8
66
3
7
3
5
30
8
5
2
4
2
27
43
1
7
9
18
62
39
0
2
43
11
0

Estimated Cases
49
25
55
31
258
12
6
258
6
725
6
6
12
49
258
6
25
6
92
18
49
405
18
43
18
31
184
49
31
12
25
12
166
264
6
43
55
111
381
240
6
12
264
68
6

Total Possible Cases
57
29
64
36
300
14
6
300
7
843
7
6
14
57
300
6
29
6
107
21
57
471
21
50
21
36
214
57
36
14
29
14
193
307
7
50
64
129
443
279
6
14
307
79
6

COVID-19 Cases by Zip Code
Zip
29082
29101
29102
29104
29105
29107
29108
29111
29112
29113
29114
29115
29118
29122
29123
29125
29126
29127
29128
29129
29130
29133
29135
29137
29138
29142
29145
29146
29148
29150
29152
29153
29154
29160
29161
29162
29163
29164
29166
29168
29169
29170
29172
29175
29178

Reported Cases
0
5
120
2
2
2
10
1
10
0
3
22
7
0
4
11
1
7
25
6
10
0
5
7
32
1
1
2
43
67
3
38
47
13
16
6
1
4
0
5
22
21
15
2
1

Estimated Cases
6
31
737
12
12
12
61
6
61
6
18
135
43
6
25
68
6
43
154
37
61
6
31
43
197
6
6
12
264
412
18
233
289
80
98
37
6
25
6
31
135
129
92
12
6

Total Possible Cases
6
36
857
14
14
14
71
7
71
6
21
157
50
6
29
79
7
50
179
43
71
6
36
50
229
7
7
14
307
479
21
271
336
93
114
43
7
29
6
36
157
150
107
14
7

COVID-19 Cases by Zip Code
Zip
29180
29201
29203
29204
29205
29206
29207
29208
29209
29210
29212
29223
29229
29301
29302
29303
29306
29307
29316
29321
29322
29323
29325
29330
29332
29333
29334
29335
29340
29341
29346
29349
29351
29353
29355
29356
29360
29365
29369
29370
29372
29374
29375
29376
29377

Reported Cases
20
26
75
42
20
25
53
2
62
59
39
161
116
22
13
11
20
11
27
1
4
15
11
4
0
0
11
3
6
5
0
25
0
1
1
1
8
12
12
2
8
3
1
13
2

Estimated Cases
123
160
461
258
123
154
326
12
381
362
240
989
713
135
80
68
123
68
166
6
25
92
68
25
6
6
68
18
37
31
6
154
6
6
6
6
49
74
74
12
49
18
6
80
12

Total Possible Cases
143
186
536
300
143
179
379
14
443
421
279
1,150
829
157
93
79
143
79
193
7
29
107
79
29
6
6
79
21
43
36
6
179
6
7
7
7
57
86
86
14
57
21
7
93
14

COVID-19 Cases by Zip Code
Zip
29379
29384
29385
29388
29401
29403
29404
29405
29406
29407
29409
29410
29412
29414
29418
29420
29424
29425
29426
29429
29431
29432
29434
29435
29436
29437
29438
29439
29440
29445
29446
29448
29449
29450
29451
29452
29453
29455
29456
29458
29461
29464
29466
29468
29469

Reported Cases
23
1
15
13
11
28
2
28
23
37
0
43
41
37
26
24
0
11
0
7
0
1
0
3
2
1
1
1
16
33
1
1
7
1
8
0
1
14
20
3
62
62
41
0
0

Estimated Cases
141
6
92
80
68
172
12
172
141
227
6
264
252
227
160
147
6
68
6
43
6
6
6
18
12
6
6
6
98
203
6
6
43
6
49
6
6
86
123
18
381
381
252
6
6

Total Possible Cases
164
7
107
93
79
200
14
200
164
264
6
307
293
264
186
171
6
79
6
50
6
7
6
21
14
7
7
7
114
236
7
7
50
7
57
6
7
100
143
21
443
443
293
6
6

COVID-19 Cases by Zip Code
Zip
29470
29471
29472
29474
29475
29477
29479
29481
29482
29483
29485
29486
29487
29488
29492
29493
29501
29505
29506
29510
29511
29512
29516
29518
29519
29520
29525
29526
29527
29530
29532
29536
29540
29541
29543
29544
29545
29546
29547
29550
29554
29555
29556
29560
29563

Reported Cases
5
2
3
0
3
4
7
0
7
28
30
9
4
15
11
0
83
38
50
8
2
34
4
1
0
17
1
20
28
5
29
20
12
17
0
4
1
5
5
54
24
8
21
22
8
0

Estimated Cases
31
12
18
6
18
25
43
6
43
172
184
55
25
92
68
6
510
233
307
49
12
209
25
6
6
104
6
123
172
31
178
123
74
104
6
25
6
31
31
332
147
49
129
135
49
6

Total Possible Cases
36
14
21
6
21
29
50
6
50
200
214
64
29
107
79
6
593
271
357
57
14
243
29
7
6
121
7
143
200
36
207
143
86
121
6
29
7
36
36
386
171
57
150
157
57
6

COVID-19 Cases by Zip Code
Zip
29564
29565
29566
29567
29568
29569
29570
29571
29572
29574
29575
29576
29577
29579
29580
29581
29582
29583
29584
29585
29588
29590
29591
29592
29593
29594
29596
29601
29605
29607
29609
29611
29615
29617
29620
29621
29624
29625
29626
29627
29628
29630
29631
29634
29635

Reported Cases
0
7
10
2
12
17
1
18
6
10
11
23
21
20
4
1
5
11
0
11
31
5
15
0
1
0
0
23
59
39
50
52
40
20
20
38
17
21
8
10
4
1
3
0
1

Estimated Cases
6
43
61
12
74
104
6
111
37
61
68
141
129
123
25
6
31
68
6
68
190
31
92
6
6
6
6
141
362
240
307
319
246
123
123
233
104
129
49
61
25
6
18
6
6

Total Possible Cases
6
50
71
14
86
121
7
129
43
71
79
164
150
143
29
7
36
79
6
79
221
36
107
6
7
6
6
164
421
279
357
371
286
143
143
271
121
150
57
71
29
7
21
6
7

COVID-19 Cases by Zip Code
Zip
29638
29639
29640
29642
29643
29644
29645
29646
29649
29650
29651
29653
29654
29655
29657
29658
29661
29662
29664
29665
29666
29667
29669
29670
29671
29672
29673
29676
29678
29680
29681
29682
29683
29684
29685
29686
29687
29689
29690
29691
29692
29693
29696
29697
29702

Reported Cases
2
0
15
23
0
21
8
15
13
31
54
0
6
10
8
0
3
18
0
0
5
0
12
3
3
3
28
5
10
40
45
2
0
4
1
0
34
2
11
1
5
5
0
6
2

Estimated Cases
12
6
92
141
6
129
49
92
80
190
332
6
37
61
49
6
18
111
6
6
31
6
74
18
18
18
172
31
61
246
276
12
6
25
6
6
209
12
68
6
31
31
6
37
12

Total Possible Cases
14
6
107
164
6
150
57
107
93
221
386
6
43
71
57
6
21
129
6
6
36
6
86
21
21
21
200
36
71
286
321
14
6
29
7
6
243
14
79
7
36
36
6
43
14

COVID-19 Cases by Zip Code
Zip
29704
29706
29707
29708
29709
29710
29712
29714
29715
29717
29718
29720
29726
29727
29728
29729
29730
29732
29741
29742
29743
29745
29801
29803
29805
29809
29810
29812
29817
29819
29821
29824
29827
29828
29829
29831
29832
29835
29836
29838
29840
29841
29842
29843
29845

Reported Cases
2
13
20
21
7
32
1
5
31
2
2
62
0
0
9
1
32
52
3
1
0
10
16
19
2
0
2
3
6
0
0
6
6
0
3
2
12
6
0
0
0
24
2
0
0

Estimated Cases
12
80
123
129
43
197
6
31
190
12
12
381
6
6
55
6
197
319
18
6
6
61
98
117
12
6
12
18
37
6
6
37
37
6
18
12
74
37
6
6
6
147
12
6
6

Total Possible Cases
14
93
143
150
50
229
7
36
221
14
14
443
6
6
64
7
229
371
21
7
6
71
114
136
14
6
14
21
43
6
6
43
43
6
21
14
86
43
6
6
6
171
14
6
6

COVID-19 Cases by Zip Code
Zip
29847
29848
29849
29851
29853
29856
29860
29902
29904
29906
29907
29909
29910
29911
29912
29915
29916
29918
29920
29921
29922
29923
29924
29926
29927
29928
29929
29932
29934
29935
29936
29940
29941
29943
29944
29945

Reported Cases
2
0
0
2
6
2
11
81
0
37
22
11
47
1
1
1
0
6
8
0
1
0
8
17
5
10
3
1
1
9
12
1
1
0
4
4

Estimated Cases
12
6
6
12
37
12
68
498
6
227
135
68
289
6
6
6
6
37
49
6
6
6
49
104
31
61
18
6
6
55
74
6
6
6
25
25

Total Possible Cases
14
6
6
14
43
14
79
579
6
264
157
79
336
7
7
7
6
43
57
6
7
6
57
121
36
71
21
7
7
64
86
7
7
6
29
29

