COVID-19 Cases, by Zip Code
Zip Count Legend
0 Cases
1 Case
2 - 5 Cases
6 - 10 Cases
11 - 20 Cases
> 20 Cases

© OpenStreetMap

COVID-19 Cases by Zip Code
Zip

29001
29003
29006
29009
29010
29014
29015
29016
29018
29020
29030
29031
29032
29033
29036
29037
29038
29039
29040
29042
29044
29045
29047
29048
29051
29052
29053
29054
29055
29056
29058
29059
29061
29063
29065
29067
29069
29070
29072
29073
29074
29075
29078
29080
29081

Reported Cases
4
3
3
3
23
1
0
31
0
95
2
0
2
4
13
0
4
0
10
3
7
58
1
1
2
4
16
3
5
1
4
2
19
30
1
6
4
12
37
26
0
0
37
8
0

Estimated Cases
25
18
18
18
141
6
6
190
6
584
12
6
12
25
80
6
25
6
61
18
43
356
6
6
12
25
98
18
31
6
25
12
117
184
6
37
25
74
227
160
6
6
227
49
6

Total Possible Cases
29
21
21
21
164
7
6
221
6
679
14
6
14
29
93
6
29
6
71
21
50
414
7
7
14
29
114
21
36
7
29
14
136
214
7
43
29
86
264
186
6
6
264
57
6

COVID-19 Cases by Zip Code
Zip
29082
29101
29102
29104
29105
29107
29108
29111
29112
29113
29114
29115
29118
29122
29123
29125
29126
29127
29128
29129
29130
29133
29135
29137
29138
29142
29145
29146
29148
29150
29152
29153
29154
29160
29161
29162
29163
29164
29166
29168
29169
29170
29172
29175
29178

Reported Cases
0
5
60
1
2
1
6
0
8
0
0
15
6
0
3
6
1
6
17
4
8
0
4
6
3
1
0
1
23
46
2
29
36
10
2
1
0
3
0
4
13
11
9
1
1

Estimated Cases
6
31
369
6
12
6
37
6
49
6
6
92
37
6
18
37
6
37
104
25
49
6
25
37
18
6
6
6
141
283
12
178
221
61
12
6
6
18
6
25
80
68
55
6
6

Total Possible Cases
6
36
429
7
14
7
43
6
57
6
6
107
43
6
21
43
7
43
121
29
57
6
29
43
21
7
6
7
164
329
14
207
257
71
14
7
6
21
6
29
93
79
64
7
7

COVID-19 Cases by Zip Code
Zip
29180
29201
29203
29204
29205
29206
29207
29208
29209
29210
29212
29223
29229
29301
29302
29303
29306
29307
29316
29321
29322
29323
29325
29330
29332
29333
29334
29335
29340
29341
29346
29349
29351
29353
29355
29356
29360
29365
29369
29370
29372
29374
29375
29376
29377

Reported Cases
13
20
50
28
13
19
43
2
33
37
27
89
60
19
11
3
17
8
14
1
2
11
4
2
0
0
7
3
4
3
0
18
0
0
1
0
4
10
9
1
5
2
1
12
2

Estimated Cases
80
123
307
172
80
117
264
12
203
227
166
547
369
117
68
18
104
49
86
6
12
68
25
12
6
6
43
18
25
18
6
111
6
6
6
6
25
61
55
6
31
12
6
74
12

Total Possible Cases
93
143
357
200
93
136
307
14
236
264
193
636
429
136
79
21
121
57
100
7
14
79
29
14
6
6
50
21
29
21
6
129
6
6
7
6
29
71
64
7
36
14
7
86
14

COVID-19 Cases by Zip Code
Zip
29379
29384
29385
29388
29401
29403
29404
29405
29406
29407
29409
29410
29412
29414
29418
29420
29424
29425
29426
29429
29431
29432
29434
29435
29436
29437
29438
29439
29440
29445
29446
29448
29449
29450
29451
29452
29453
29455
29456
29458
29461
29464
29466
29468
29469

Reported Cases
22
0
11
13
10
24
2
20
15
31
0
21
35
31
15
22
0
3
0
6
0
1
0
2
1
1
1
1
11
24
1
0
7
1
5
0
1
13
15
2
29
56
37
0
0

Estimated Cases
135
6
68
80
61
147
12
123
92
190
6
129
215
190
92
135
6
18
6
37
6
6
6
12
6
6
6
6
68
147
6
6
43
6
31
6
6
80
92
12
178
344
227
6
6

Total Possible Cases
157
6
79
93
71
171
14
143
107
221
6
150
250
221
107
157
6
21
6
43
6
7
6
14
7
7
7
7
79
171
7
6
50
7
36
6
7
93
107
14
207
400
264
6
6

COVID-19 Cases by Zip Code
Zip
29470
29471
29472
29474
29475
29477
29479
29481
29482
29483
29485
29486
29487
29488
29492
29493
29501
29505
29506
29510
29511
29512
29516
29518
29519
29520
29525
29526
29527
29530
29532
29536
29540
29541
29543
29544
29545
29546
29547
29550
29554
29555
29556
29560
29563

Reported Cases
5
2
1
0
3
3
3
0
7
22
23
4
4
10
11
0
28
8
10
3
1
14
1
0
0
8
0
17
22
1
10
2
5
5
0
2
1
3
1
22
9
0
1
8
0
0

Estimated Cases
31
12
6
6
18
18
18
6
43
135
141
25
25
61
68
6
172
49
61
18
6
86
6
6
6
49
6
104
135
6
61
12
31
31
6
12
6
18
6
135
55
6
6
49
6
6

Total Possible Cases
36
14
7
6
21
21
21
6
50
157
164
29
29
71
79
6
200
57
71
21
7
100
7
6
6
57
6
121
157
7
71
14
36
36
6
14
7
21
7
157
64
6
7
57
6
6

COVID-19 Cases by Zip Code
Zip
29564
29565
29566
29567
29568
29569
29570
29571
29572
29574
29575
29576
29577
29579
29580
29581
29582
29583
29584
29585
29588
29590
29591
29592
29593
29594
29596
29601
29605
29607
29609
29611
29615
29617
29620
29621
29624
29625
29626
29627
29628
29630
29631
29634
29635

Reported Cases
0
1
8
0
6
7
0
1
5
4
8
19
16
13
2
0
4
4
0
11
20
3
5
0
1
0
0
13
39
27
21
30
22
10
9
32
9
17
7
7
0
1
2
0
1

Estimated Cases
6
6
49
6
37
43
6
6
31
25
49
117
98
80
12
6
25
25
6
68
123
18
31
6
6
6
6
80
240
166
129
184
135
61
55
197
55
104
43
43
6
6
12
6
6

Total Possible Cases
6
7
57
6
43
50
6
7
36
29
57
136
114
93
14
6
29
29
6
79
143
21
36
6
7
6
6
93
279
193
150
214
157
71
64
229
64
121
50
50
6
7
14
6
7

COVID-19 Cases by Zip Code
Zip
29638
29639
29640
29642
29643
29644
29645
29646
29649
29650
29651
29653
29654
29655
29657
29658
29661
29662
29664
29665
29666
29667
29669
29670
29671
29672
29673
29676
29678
29680
29681
29682
29683
29684
29685
29686
29687
29689
29690
29691
29692
29693
29696
29697
29702

Reported Cases
0
0
9
15
0
10
3
7
7
16
33
0
5
10
5
0
2
12
0
0
1
0
6
2
2
2
16
1
6
30
34
2
0
3
0
0
19
2
4
1
3
3
0
3
2

Estimated Cases
6
6
55
92
6
61
18
43
43
98
203
6
31
61
31
6
12
74
6
6
6
6
37
12
12
12
98
6
37
184
209
12
6
18
6
6
117
12
25
6
18
18
6
18
12

Total Possible Cases
6
6
64
107
6
71
21
50
50
114
236
6
36
71
36
6
14
86
6
6
7
6
43
14
14
14
114
7
43
214
243
14
6
21
6
6
136
14
29
7
21
21
6
21
14

COVID-19 Cases by Zip Code
Zip
29704
29706
29707
29708
29709
29710
29712
29714
29715
29717
29718
29720
29726
29727
29728
29729
29730
29732
29741
29742
29743
29745
29801
29803
29805
29809
29810
29812
29817
29819
29821
29824
29827
29828
29829
29831
29832
29835
29836
29838
29840
29841
29842
29843
29845

Reported Cases
1
10
16
14
2
23
1
4
26
1
1
45
0
0
6
0
23
38
1
0
0
8
10
15
2
0
1
1
1
0
0
4
4
0
2
2
4
4
0
0
0
10
2
0
0

Estimated Cases
6
61
98
86
12
141
6
25
160
6
6
276
6
6
37
6
141
233
6
6
6
49
61
92
12
6
6
6
6
6
6
25
25
6
12
12
25
25
6
6
6
61
12
6
6

Total Possible Cases
7
71
114
100
14
164
7
29
186
7
7
321
6
6
43
6
164
271
7
6
6
57
71
107
14
6
7
7
7
6
6
29
29
6
14
14
29
29
6
6
6
71
14
6
6

COVID-19 Cases by Zip Code
Zip
29847
29848
29849
29851
29853
29856
29860
29902
29904
29906
29907
29909
29910
29911
29912
29915
29916
29918
29920
29921
29922
29923
29924
29926
29927
29928
29929
29932
29934
29935
29936
29940
29941
29943
29944
29945

Reported Cases
0
0
0
2
3
0
4
69
0
23
15
10
37
0
1
1
0
6
8
0
0
0
2
14
5
7
1
0
1
5
7
1
1
0
2
3

Estimated Cases
6
6
6
12
18
6
25
424
6
141
92
61
227
6
6
6
6
37
49
6
6
6
12
86
31
43
6
6
6
31
43
6
6
6
12
18

Total Possible Cases
6
6
6
14
21
6
29
493
6
164
107
71
264
6
7
7
6
43
57
6
6
6
14
100
36
50
7
6
7
36
50
7
7
6
14
21

