COVID-19 in South Carolina, by Zip Codes
Cases as of 4/9/2020 at 11:59 PM
Total Reported Cases

Abbeville County
Zip
29620
29627
29628
29638
29639
29646
29649
29653
29654
29655
29692
29819
Total

Reported
Cases

Estimated
Cases

Total Possible
Cases

7
0
0
0
0
0
0
0
0
0
0
0
7

43
0
6
5
6
0
0
0
4
18
1
0
84

50
0
6
5
6
0
0
0
4
18
1
0
91

Aiken County
Zip
29006
29105
29129
29137
29146
29164
29801
29803
29805
29809
29828
29829
29831
29832
29841
29842
29847
29851
29853
29856
29860
Unknown
Total

Reported
Cases

Estimated
Cases

0
0
0
5
0
3
6
14
2
0
0
1
1
0
10
2
0
0
0
0
1
3
48

3
5
15
28
3
18
37
86
12
6
6
6
6
0
61
12
1
6
4
6
8
0
332

3
5
15
33
3
21
43
100
14
6
6
7
7
0
71
14
1
6
4
6
9
3
380


Allendale County
Zip
29810
29812
29827
29836
29849
29932
Total

Reported
Cases

Estimated
Cases

Total Possible
Cases

1
0
3
0
0
0
4

6
0
18
6
5
2
37

7
0
21
6
5
2
41

Anderson County
Zip
29611
29621
29624
29625
29626
29627
29630
29631
29642
29643
29654
29655
29657
29669
29670
29673
29684
29689
29697
Unknown
Total

Reported
Cases

Estimated
Cases

Total Possible
Cases

0
29
7
17
6
7
0
0
2
0
3
9
0
3
2
2
3
1
3
6
100

8
178
43
104
37
39
0
0
32
2
12
37
3
13
12
37
18
6
18
0
599

8
207
50
121
43
46
0
0
34
2
15
46
3
16
14
39
21
7
21
6
699

Bamberg County
Zip
29003
29038
29042
29081
29082
29432
29481
29817
29843
Total

Reported
Cases

Estimated
Cases

Total Possible
Cases

2
1
3
0
0
0
0
0
0
6

12
0
18
6
0
1
1
0
4
43

14
1
21
6
0
1
1
0
4
49

Barnwell County
Zip
29812
29817
29836
29843
29849
29853
Total

Reported
Cases

Estimated
Cases

Total Possible
Cases

1
1
0
0
0
3
5

6
6
1
2
1
15
30

7
7
1
2
1
18
35

Beaufort County
29902
29904
29906
29907
29909
29910
29915
29920
29926
29928
29935
29936
29940
29941
29945
Unknown
Total

Reported
Cases

Estimated
Cases

Total Possible
Cases

64
0
20
13
9
34
1
8
13
7
5
1
1
1
2
7
186

393
6
123
80
54
209
6
49
80
43
31
0
6
6
5
0
1,091

457
6
143
93
63
243
7
57
93
50
36
1
7
7
7
7
1,277

Berkeley County
29059
29406
29410
29431
29434
29436
29445
29450
29453
29456
29461
29466
29468
29469
29472
29479
29483
29486
29492
Unknown
Total


Reported
Cases

Estimated
Cases

Total Possible
Cases

0
0
7
0
0
1
20
0
0
1
19
0
0
0
0
3
0
2
11
3
67

1
0
43
6
6
6
123
6
6
21
117
0
6
6
1
18
12
12
68
0
458

1
0
50
6
6
7
143
6
6
22
136
0
6
6
1
21
12
14
79
3
525

Calhoun County
Zip

29030
29047
29053
29112
29118
29135
29160
Total

Reported
Cases

Estimated
Cases

Total Possible
Cases

2
0
0
0
0
4
0
6

9
3
5
2
1
24
11
56

11
3
5
2
1
28
11
62

Charleston County
Zip
29401
29403
29404
29405
29406
29407
29409
29410
29412
29414
29418
29420
29424
29425
29426
29429
29438
29439
29449
29450
29451
29453
29455
29456
29458
29464
29466
29470
29482
29483
29485
29487
Unknown
Total

Reported
Cases

Estimated
Cases

Total Possible
Cases

9
22
2
17
14
29
0
0
36
31
15
3
0
2
0
5
1
1
6
1
4
0
13
10
2
52
34
5
7
0
1
4
2
328

55
135
12
104
86
178
6
0
221
190
78
32
6
12
5
31
4
6
37
0
25
0
80
24
12
319
209
28
43
2
10
25
0
1,977

64
157
14
121
100
207
6
0
257
221
93
35
6
14
5
36
5
7
43
1
29
0
93
34
14
371
243
33
50
2
11
29
2
2,305

Cherokee County
Zip
29306
29307
29323
29330
29340
29341
29372
29702
29743
Total

Estimated
Cases

Total Possible
Cases

0
0
0
0
4
3
0
1
0
8

0
1
5
2
25
18
5
6
1
63

0
1
5
2
29
21
5
7
1
71


Chester County
Zip
29014
29031
29055
29704
29706
29712
29714
29729
29730
29742
Total

Estimated
Cases

Total Possible
Cases

1
0
3
0
8
1
4
0
0
0
17

4
2
20
1
49
5
25
6
1
1
113

5
2
23
1
57
6
29
6
1
1
130

Chesterfield County
Zip
29009
29101
29520
29550
29584
29593
29709
29718
29720
29727
29728
29741
Unknown
Total

Reported
Cases

Estimated
Cases

Total Possible
Cases

0
2
7
1
0
0
2
1
0
0
5
1
3
22

0
10
43
7
6
2
12
6
0
6
31
6
0
129

0
12
50
8
6
2
14
7
0
6
36
7
3
151

Clarendon County
Zip

Reported
Cases

Reported
Cases

29001
29051
29056
29102
29111
29114
29125
29148
29162
29518
29560
Total

Reported
Cases

Estimated
Cases

Total Possible
Cases

4
1
0
55
0
0
0
19
1
0
0
80

22
5
0
337
6
0
19
117
6
0
1
514

26
6
0
392
6
0
19
136
7
0
1
594

Colleton County
Zip
29081
29082
29432
29435
29438
29446
29452
29472
29474
29475
29477
29481
29488
29493
29929
29945
Unknown
Total

Reported
Cases

Estimated
Cases

Total Possible
Cases

0
0
0
2
0
1
0
0
0
3
0
0
7
0
1
0
1
15

0
6
0
12
3
6
6
1
6
18
0
5
43
6
6
6
0
125

0
6
0
14
3
7
6
1
6
21
0
5
50
6
7
6
1
140


Darlington County
29069
29101
29161
29501
29506
29532
29540
29550
29593
Unknown
Total

Reported
Cases

Estimated
Cases

Total Possible
Cases

3
0
0
0
0
6
5
17
1
1
33

17
2
1
10
0
37
31
103
4
0
204

20
2
1
10
0
43
36
120
5
1
237

Dillon County
Zip
29525
29536
29543
29547
29563
29565
29567
29571
29574
29581
29592
Unknown
Total

Reported
Cases

Estimated
Cases

Total Possible
Cases

0
2
0
1
0
0
0
0
0
0
0
2
5

0
12
6
6
6
5
6
0
0
1
5
0
48

0
14
6
7
6
5
6
0
0
1
5
2
53

Dorchester County
Zip
29018
29414
29418
29420
29426
29432
29437
29448
29456
29470
29471
29472
29477
29483
29485
Unknown
Total


Estimated
Cases

Total Possible
Cases

0
0
1
16
0
0
1
0
1
0
2
1
3
18
20
2
65

0
0
20
85
1
0
6
6
29
2
12
4
18
97
119
0
400

0
0
21
101
1
0
7
6
30
2
14
5
21
115
139
2
465

Edgefield County

Zip
29129
29138
29821
29824
29832
29835
29838
29841
29845
29847
29860
Unknown
Total

Reported
Cases

Estimated
Cases

Total Possible
Cases

0
0
0
3
4
0
0
0
0
0
2
1
10

1
0
3
18
21
1
2
0
0
5
10
0
61

1
0
3
21
25
1
2
0
0
5
12
1
71

Fairfield County
Zip
29014
29015
29016
29031
29045
29055
29065
29130
29180
Unknown
Total

Reported
Cases

Estimated
Cases

Total Possible
Cases

0
0
0
0
1
1
1
6
8
1
18

2
6
2
1
2
4
6
29
54
0
107

2
6
2
1
3
5
7
35
62
1
125

Florence County
Zip
29114
29161
29501
29505
29506
29530
29541
29554
29555
29560
29583
29591
Unknown
Total

Reported
Cases

Estimated
Cases

Total Possible
Cases

0
0
24
4
7
0
4
0
0
5
4
2
14
64

4
5
137
25
43
6
25
1
6
26
25
12
0
315

4
5
161
29
50
6
29
1
6
31
29
14
14
379

Georgetown County
Zip
29440
29510
29554
29576
29585
Unknown
Total

Reported
Cases

Estimated
Cases

Total Possible
Cases

10
0
1
4
10
3
28

61
11
15
37
61
0
186

71
11
16
41
71
3
214

Greenville County
Zip
29322
29356
29601
29605
29607
29609
29611
29615
29617
29627
29635
29644
29650
29651
29654
29661
29662
29669
29673
29680
29681
29683
29687
29690
Unknown
Total

Reported
Cases

Estimated
Cases

Total Possible
Cases

0
0
11
28
20
9
24
19
7
0
1
6
12
24
0
2
9
1
10
25
31
0
16
4
49
308

0
3
68
172
123
55
137
117
43
4
4
25
73
93
2
10
55
12
36
154
190
6
98
25
0
1,504

0
3
79
200
143
64
161
136
50
4
5
31
85
117
2
12
64
13
46
179
221
6
114
29
49
1,812

Greenwood County
Zip
29138
29638
29646
29649
29653
29666
29692
29819
29848
Unknown
Total

Reported
Cases

Estimated
Cases

Total Possible
Cases

0
1
6
7
0
0
1
0
0
1
16

0
1
37
43
6
6
3
6
4
0
105

0
2
43
50
6
6
4
6
4
1
121

Hampton County
Zip
29827
29911
29916
29918
29921
29922
29923
29924
29932
29934
29944
29945
Total

Reported
Cases

Estimated
Cases

Total Possible
Cases

0
0
0
3
0
0
0
0
0
0
2
1
6

1
6
4
18
6
4
6
6
4
1
12
5
72

1
6
4
21
6
4
6
6
4
1
14
6
78

Horry County
Zip
29511
29526
29527
29544
29545
29566
29568
29569
29572
29575
29576
29577
29579
29581
29582
29588
Unknown
Total

Reported
Cases

Estimated
Cases

Total Possible
Cases

1
13
19
1
1
7
6
5
5
5
12
13
9
0
4
15
8
124

6
80
117
6
6
43
37
31
31
31
61
80
55
4
25
92
0
704

7
93
136
7
7
50
43
36
36
36
73
93
64
4
29
107
8
828

Jasper County
Zip
29909
29912
29916
29922
29927
29934
29936
29943
29944
29945
Total

Reported
Cases

Estimated
Cases

Total Possible
Cases

1
0
0
0
5
0
5
0
0
0
11

7
6
3
3
31
6
37
6
0
2
100

8
6
3
3
36
6
42
6
0
2
111

Kershaw County
Zip
29009
29010
29020
29032
29045
29058
29067
29074
29078
29128
29130
29175
29718
Unknown
Total

Reported
Cases

Estimated
Cases

Total Possible
Cases

3
0
94
2
41
0
4
0
31
0
0
1
0
1
177

18
1
560
11
176
0
11
6
205
7
7
6
0
0
1,010

21
1
654
13
217
0
15
6
236
7
7
7
0
1
1,187

Lancaster County
Zip
29058
29067
29707
29718
29720
Total

Reported
Cases

Estimated
Cases

Total Possible
Cases

3
2
16
0
40
61

18
26
98
0
246
388

21
28
114
0
286
449

Laurens County
Zip
29037
29178
29325
29332
29335
29351
29355
29360
29370
29384
29388
29644
29645
29654
29681
29692
Unknown
Total

Reported
Cases

Estimated
Cases

Total Possible
Cases

0
0
4
0
0
0
0
2
1
0
0
0
3
0
0
0
1
11

0
0
25
6
2
6
3
12
6
6
1
12
18
1
0
2
0
102

0
0
29
6
2
6
3
14
7
6
1
12
21
1
0
2
1
113

Lee County
Zip
29009
29010
29020
29032
29040
29069
29080
29104
29128
29153
29550
Unknown
Total

Reported
Cases

Estimated
Cases

Total Possible
Cases

0
21
0
0
0
0
4
0
1
0
0
1
27

1
128
17
1
5
2
12
3
13
6
1
0
189

1
149
17
1
5
2
16
3
14
6
1
1
216

Lexington County
Zip
29006
29033
29036
29053
29054
29063
29070
29072
29073
29075
29112
29123
29160
29169
29170
29172
29210
29212
Unknown
Total

Reported
Cases

Estimated
Cases

Total Possible
Cases

3
1
12
13
2
15
12
28
20
0
2
3
7
11
7
7
3
8
30
184

10
6
60
74
12
10
61
172
123
1
3
18
32
68
43
43
41
102
0
880

13
7
72
87
14
25
73
200
143
1
5
21
39
79
50
50
44
110
30
1,064

Marion County
Zip
29519
29546
29565
29571
29574
29581
29592
Total

Reported
Cases

Estimated
Cases

Total Possible
Cases

0
3
0
0
2
0
0
5

6
18
1
6
12
1
1
47

6
21
1
6
14
1
1
52

Marlboro County
Zip
29512
29516
29525
29565
29570
29594
29596
Total

Reported
Cases

Estimated
Cases

Total Possible
Cases

11
0
0
0
0
0
0
11

68
6
6
0
6
6
6
98

79
6
6
0
6
6
6
109

McCormick County
Zip
29620
29628
29819
29821
29835
29838
29840
29845
29848
Total

Reported
Cases

Estimated
Cases

Total Possible
Cases

0
0
0
0
3
0
0
0
0
3

0
0
0
3
18
4
6
6
2
40

0
0
0
3
21
4
6
6
2
43

Newberry County
Zip
29036
29037
29075
29108
29122
29126
29127
29145
29178
29332
29355
Unknown
Total

Reported
Cases

Estimated
Cases

Total Possible
Cases

0
0
0
6
0
1
3
0
1
0
1
1
13

1
4
4
37
6
6
17
6
5
0
3
0
91

1
4
4
43
6
7
20
6
6
0
4
1
104

Oconee County
Zip
29643
29658
29664
29665
29672
29676
29678
29686
29689
29691
29693
29696
Unknown
Total

Reported
Cases

Estimated
Cases

Total Possible
Cases

0
0
0
0
2
1
5
0
0
0
3
0
1
12

5
6
6
6
12
6
31
6
1
6
18
6
0
110

5
6
6
6
14
7
36
6
1
6
21
6
1
122

Orangeburg County
Zip
29018
29030
29038
29039
29047
29048
29059
29107
29112
29113
29115
29118
29133
29135
29137
29142
29146
29160
29163
29432
29436
29471
29477
Total

Reported
Cases

Estimated
Cases

Total Possible
Cases

0
0
3
0
1
1
2
1
6
0
14
6
0
0
0
1
1
0
0
1
0
0
0
37

6
3
24
6
3
6
12
6
44
6
86
35
6
1
3
6
4
0
6
5
0
0
0
270

6
3
27
6
4
7
14
7
50
6
100
41
6
1
3
7
5
0
6
6
0
0
0
307

Pickens County
Zip
29611
29630
29631
29634
29635
29640
29642
29657
29661
29667
29670
29671
29682
29685
Total

Reported
Cases

Estimated
Cases

Total Possible
Cases

0
1
1
0
0
7
11
4
0
0
0
1
2
0
27

3
6
6
6
2
43
48
22
2
6
0
6
12
6
169

3
7
7
6
2
50
59
26
2
6
0
7
14
6
196

Richland County
Zip
29016
29036
29044
29045
29052
29061
29063
29075
29078
29130
29180
29201
29203
29204
29205
29206
29207
29208
29209
29210
29212
29223
29229
Unknown
Total

Reported
Cases

Estimated
Cases

Total Possible
Cases

27
2
6
9
4
19
8
0
3
0
1
18
40
25
12
16
28
2
27
21
15
70
49
50
452

164
24
37
135
25
117
131
1
4
1
1
111
246
154
74
98
172
12
166
107
39
430
301
0
2,549

191
26
43
144
29
136
139
1
7
1
2
129
286
179
86
114
200
14
193
128
54
500
350
50
3,001

Saluda County
Zip
29006
29037
29070
29105
29127
29129
29138
29166
29666
29824
29832
29848
Total

Reported
Cases
0
0
0
0
0
4
2
0
0
0
0
0
6

Estimated
Cases
5
2
13
1
1
8
12
6
0
0
3
0
52

Total Possible
Cases
5
2
13
1
1
12
14
6
0
0
3
0
58

Spartanburg County
Zip
29301
29302
29303
29306
29307
29316
29322
29323
29330
29333
29334
29335
29346
29349
29356
29365
29369
29372
29374
29375
29376
29377
29385
29388
29650
29651
Unknown
Total

Reported
Cases

Estimated
Cases

Total Possible
Cases

16
10
3
17
7
13
2
9
0
0
4
2
0
15
0
6
7
5
1
1
6
2
7
12
0
2
3
150

98
61
18
104
42
80
12
50
4
6
25
10
6
92
3
37
43
22
6
6
37
12
43
73
0
67
0
958

114
71
21
121
49
93
14
59
4
6
29
12
6
107
3
43
50
27
7
7
43
14
50
85
0
69
3
1,108

Sumter County
Zip
29001
29040
29051
29080
29102
29104
29114
29125
29128
29150
29152
29153
29154
29162
29168
Unknown
Total

Reported
Cases

Estimated
Cases

Total Possible
Cases

0
9
1
0
0
1
0
6
14
40
2
28
33
0
4
4
142

3
50
7
12
1
3
2
18
72
246
12
166
203
0
25
0
819

3
59
8
12
1
4
2
24
86
286
14
194
236
0
29
4
961

Union County
Zip
29031
29178
29321
29335
29353
29372
29374
29379
Total

Reported
Cases

Estimated
Cases

Total Possible
Cases

0
0
1
0
0
0
0
19
20

4
1
6
1
6
4
0
117
139

4
1
7
1
6
4
0
136
159

Williamsburg County
Zip
29056
29111
29440
29510
29518
29554
29555
29556
29560
29564
29580
29590
Total

Reported
Cases

Estimated
Cases

Total Possible
Cases

1
0
0
3
0
5
0
1
0
0
2
3
15

6
0
0
7
6
21
0
6
3
6
12
18
87

7
0
0
10
6
26
0
7
3
6
14
21
102

York County
Zip
29702
29704
29706
29707
29708
29710
29712
29715
29717
29726
29730
29732
29742
29743
29745
Unknown
Total

Reported
Cases

Estimated
Cases

Total Possible
Cases

0
1
0
0
14
22
0
23
1
0
22
34
0
0
6
2
125

0
5
0
0
86
135
1
141
6
6
135
209
6
5
37
0
772

0
6
0
0
100
157
1
164
7
6
157
243
6
5
43
2
897
