COVID-19 Cases, by Zip Code
Zip Count Legend
0 Cases
1 - 5 Cases
6 - 20 Cases
21 - 40 Cases
> 40 Cases

© OpenStreetMap

COVID-19 Cases by Zip Code
Zip

29001
29003
29006
29009
29010
29014
29015
29016
29018
29020
29030
29031
29032
29033
29036
29037
29038
29039
29040
29042
29044
29045
29047
29048
29051
29052
29053
29054
29055
29056
29058
29059
29061
29063
29065
29067
29069
29070
29072
29073
29074
29075
29078
29080
29081

Reported Cases
7
3
3
5
31
2
0
37
0
104
1
0
2
5
17
0
4
0
15
3
8
63
2
1
2
5
26
6
5
2
4
2
26
37
1
6
9
16
50
30
0
2
40
8
0

Estimated Cases
43
18
18
31
190
12
6
227
6
639
6
6
12
31
104
6
25
6
92
18
49
387
12
6
12
31
160
37
31
12
25
12
160
227
6
37
55
98
307
184
6
12
246
49
6

Total Possible Cases
50
21
21
36
221
14
6
264
6
743
7
6
14
36
121
6
29
6
107
21
57
450
14
7
14
36
186
43
36
14
29
14
186
264
7
43
64
114
357
214
6
14
286
57
6

COVID-19 Cases by Zip Code
Zip
29082
29101
29102
29104
29105
29107
29108
29111
29112
29113
29114
29115
29118
29122
29123
29125
29126
29127
29128
29129
29130
29133
29135
29137
29138
29142
29145
29146
29148
29150
29152
29153
29154
29160
29161
29162
29163
29164
29166
29168
29169
29170
29172
29175
29178

Reported Cases
0
5
82
2
2
2
8
0
10
0
2
20
7
0
4
9
1
7
22
4
8
0
5
7
7
1
1
1
31
59
2
35
43
11
9
1
1
3
0
5
17
18
14
2
1

Estimated Cases
6
31
504
12
12
12
49
6
61
6
12
123
43
6
25
55
6
43
135
25
49
6
31
43
43
6
6
6
190
362
12
215
264
68
55
6
6
18
6
31
104
111
86
12
6

Total Possible Cases
6
36
586
14
14
14
57
6
71
6
14
143
50
6
29
64
7
50
157
29
57
6
36
50
50
7
7
7
221
421
14
250
307
79
64
7
7
21
6
36
121
129
100
14
7

COVID-19 Cases by Zip Code
Zip
29180
29201
29203
29204
29205
29206
29207
29208
29209
29210
29212
29223
29229
29301
29302
29303
29306
29307
29316
29321
29322
29323
29325
29330
29332
29333
29334
29335
29340
29341
29346
29349
29351
29353
29355
29356
29360
29365
29369
29370
29372
29374
29375
29376
29377

Reported Cases
15
25
65
34
16
22
50
2
49
49
33
140
75
22
13
8
19
10
15
1
3
15
5
3
0
0
8
3
6
4
0
23
0
1
1
1
4
12
12
2
8
3
1
12
2

Estimated Cases
92
154
399
209
98
135
307
12
301
301
203
860
461
135
80
49
117
61
92
6
18
92
31
18
6
6
49
18
37
25
6
141
6
6
6
6
25
74
74
12
49
18
6
74
12

Total Possible Cases
107
179
464
243
114
157
357
14
350
350
236
1,000
536
157
93
57
136
71
107
7
21
107
36
21
6
6
57
21
43
29
6
164
6
7
7
7
29
86
86
14
57
21
7
86
14

COVID-19 Cases by Zip Code
Zip
29379
29384
29385
29388
29401
29403
29404
29405
29406
29407
29409
29410
29412
29414
29418
29420
29424
29425
29426
29429
29431
29432
29434
29435
29436
29437
29438
29439
29440
29445
29446
29448
29449
29450
29451
29452
29453
29455
29456
29458
29461
29464
29466
29468
29469

Reported Cases
22
1
14
13
11
28
2
24
18
35
0
38
39
35
21
23
0
5
0
6
0
1
0
2
2
1
1
1
13
30
1
1
7
1
7
0
1
14
17
3
43
58
41
0
0

Estimated Cases
135
6
86
80
68
172
12
147
111
215
6
233
240
215
129
141
6
31
6
37
6
6
6
12
12
6
6
6
80
184
6
6
43
6
43
6
6
86
104
18
264
356
252
6
6

Total Possible Cases
157
7
100
93
79
200
14
171
129
250
6
271
279
250
150
164
6
36
6
43
6
7
6
14
14
7
7
7
93
214
7
7
50
7
50
6
7
100
121
21
307
414
293
6
6

COVID-19 Cases by Zip Code
Zip
29470
29471
29472
29474
29475
29477
29479
29481
29482
29483
29485
29486
29487
29488
29492
29493
29501
29505
29506
29510
29511
29512
29516
29518
29519
29520
29525
29526
29527
29530
29532
29536
29540
29541
29543
29544
29545
29546
29547
29550
29554
29555
29556
29560
29563

Reported Cases
5
2
3
0
3
4
5
0
7
25
28
9
4
13
11
0
46
21
26
5
1
27
1
0
0
12
1
18
27
2
14
6
8
13
0
3
1
2
3
40
11
4
5
16
4
0

Estimated Cases
31
12
18
6
18
25
31
6
43
154
172
55
25
80
68
6
283
129
160
31
6
166
6
6
6
74
6
111
166
12
86
37
49
80
6
18
6
12
18
246
68
25
31
98
25
6

Total Possible Cases
36
14
21
6
21
29
36
6
50
179
200
64
29
93
79
6
329
150
186
36
7
193
7
6
6
86
7
129
193
14
100
43
57
93
6
21
7
14
21
286
79
29
36
114
29
6

COVID-19 Cases by Zip Code
Zip
29564
29565
29566
29567
29568
29569
29570
29571
29572
29574
29575
29576
29577
29579
29580
29581
29582
29583
29584
29585
29588
29590
29591
29592
29593
29594
29596
29601
29605
29607
29609
29611
29615
29617
29620
29621
29624
29625
29626
29627
29628
29630
29631
29634
29635

Reported Cases
0
6
8
1
9
12
0
12
6
5
12
22
19
17
2
1
4
7
0
10
26
5
12
0
1
0
0
18
47
33
27
40
32
15
14
34
13
20
8
9
1
1
2
0
1

Estimated Cases
6
37
49
6
55
74
6
74
37
31
74
135
117
104
12
6
25
43
6
61
160
31
74
6
6
6
6
111
289
203
166
246
197
92
86
209
80
123
49
55
6
6
12
6
6

Total Possible Cases
6
43
57
7
64
86
6
86
43
36
86
157
136
121
14
7
29
50
6
71
186
36
86
6
7
6
6
129
336
236
193
286
229
107
100
243
93
143
57
64
7
7
14
6
7

COVID-19 Cases by Zip Code
Zip
29638
29639
29640
29642
29643
29644
29645
29646
29649
29650
29651
29653
29654
29655
29657
29658
29661
29662
29664
29665
29666
29667
29669
29670
29671
29672
29673
29676
29678
29680
29681
29682
29683
29684
29685
29686
29687
29689
29690
29691
29692
29693
29696
29697
29702

Reported Cases
1
0
11
18
0
16
6
13
11
24
43
0
6
10
7
0
2
14
0
0
5
0
10
2
3
3
22
3
7
34
41
2
0
3
0
0
25
2
7
1
4
5
0
5
2

Estimated Cases
6
6
68
111
6
98
37
80
68
147
264
6
37
61
43
6
12
86
6
6
31
6
61
12
18
18
135
18
43
209
252
12
6
18
6
6
154
12
43
6
25
31
6
31
12

Total Possible Cases
7
6
79
129
6
114
43
93
79
171
307
6
43
71
50
6
14
100
6
6
36
6
71
14
21
21
157
21
50
243
293
14
6
21
6
6
179
14
50
7
29
36
6
36
14

COVID-19 Cases by Zip Code
Zip
29704
29706
29707
29708
29709
29710
29712
29714
29715
29717
29718
29720
29726
29727
29728
29729
29730
29732
29741
29742
29743
29745
29801
29803
29805
29809
29810
29812
29817
29819
29821
29824
29827
29828
29829
29831
29832
29835
29836
29838
29840
29841
29842
29843
29845

Reported Cases
1
12
17
16
3
29
1
5
28
2
1
56
0
0
8
0
27
46
3
1
0
10
12
16
2
0
2
1
2
0
0
6
4
0
3
2
9
6
0
0
0
13
2
0
0

Estimated Cases
6
74
104
98
18
178
6
31
172
12
6
344
6
6
49
6
166
283
18
6
6
61
74
98
12
6
12
6
12
6
6
37
25
6
18
12
55
37
6
6
6
80
12
6
6

Total Possible Cases
7
86
121
114
21
207
7
36
200
14
7
400
6
6
57
6
193
329
21
7
6
71
86
114
14
6
14
7
14
6
6
43
29
6
21
14
64
43
6
6
6
93
14
6
6

COVID-19 Cases by Zip Code
Zip
29847
29848
29849
29851
29853
29856
29860
29902
29904
29906
29907
29909
29910
29911
29912
29915
29916
29918
29920
29921
29922
29923
29924
29926
29927
29928
29929
29932
29934
29935
29936
29940
29941
29943
29944
29945

Reported Cases
1
0
0
2
3
0
6
74
0
33
19
11
40
0
1
1
0
6
8
0
1
0
8
17
5
10
3
1
1
9
8
1
1
0
4
4

Estimated Cases
6
6
6
12
18
6
37
455
6
203
117
68
246
6
6
6
6
37
49
6
6
6
49
104
31
61
18
6
6
55
49
6
6
6
25
25

Total Possible Cases
7
6
6
14
21
6
43
529
6
236
136
79
286
6
7
7
6
43
57
6
7
6
57
121
36
71
21
7
7
64
57
7
7
6
29
29

