COVID-19 Cases, by Zip Code
Reported Cases
0 Cases
1 - 5 Cases
6 - 20 Cases
21 - 40 Cases
> 40 Cases

© OpenStreetMap

COVID-19 Cases by Zip Code
Zip

29001
29003
29006
29009
29010
29014
29015
29016
29018
29020
29030
29031
29032
29033
29036
29037
29038
29039
29040
29042
29044
29045
29047
29048
29051
29052
29053
29054
29055
29056
29058
29059
29061
29063
29065
29067
29069
29070
29072
29073
29074
29075
29078
29080
29081

Reported Cases
8
6
14
6
53
2
0
47
1
124
1
0
4
10
43
0
4
2
17
5
11
68
3
10
4
5
35
10
5
2
5
6
27
46
1
9
10
20
72
41
0
3
49
13
0

Estimated Cases
49
37
86
37
326
12
6
289
6
762
6
6
25
61
264
6
25
6
104
31
68
418
18
61
25
31
215
61
31
12
31
37
166
283
6
55
61
123
442
252
6
18
301
80
6

Total Possible Cases
57
43
100
43
379
14
6
336
7
886
7
6
29
71
307
6
29
8
121
36
79
486
21
71
29
36
250
71
36
14
36
43
193
329
7
64
71
143
514
293
6
21
350
93
6

COVID-19 Cases by Zip Code
Zip
29082
29101
29102
29104
29105
29107
29108
29111
29112
29113
29114
29115
29118
29122
29123
29125
29126
29127
29128
29129
29130
29133
29135
29137
29138
29142
29145
29146
29148
29150
29152
29153
29154
29160
29161
29162
29163
29164
29166
29168
29169
29170
29172
29175
29178

Reported Cases
0
6
143
3
2
2
10
1
12
0
4
24
9
0
4
12
1
9
26
6
15
1
6
9
56
2
1
2
53
75
3
41
63
13
20
8
5
4
0
5
26
24
17
2
3

Estimated Cases
6
37
878
18
12
12
61
6
74
6
25
147
55
6
25
74
6
55
160
37
92
6
37
55
344
12
6
12
326
461
18
252
387
80
123
49
31
25
6
31
160
147
104
12
18

Total Possible Cases
6
43
1,021
21
14
14
71
7
86
6
29
171
64
6
29
86
7
64
186
43
107
7
43
64
400
14
7
14
379
536
21
293
450
93
143
57
36
29
6
36
186
171
121
14
21

COVID-19 Cases by Zip Code
Zip
29180
29201
29203
29204
29205
29206
29207
29208
29209
29210
29212
29223
29229
29301
29302
29303
29306
29307
29316
29321
29322
29323
29325
29330
29332
29333
29334
29335
29340
29341
29346
29349
29351
29353
29355
29356
29360
29365
29369
29370
29372
29374
29375
29376
29377

Reported Cases
20
27
85
48
24
27
55
2
66
74
43
179
143
24
14
16
26
15
31
1
6
18
12
4
1
0
14
5
9
5
0
29
0
1
1
3
11
18
13
2
8
3
1
13
0

Estimated Cases
123
166
522
295
147
166
338
12
405
455
264
1,100
878
147
86
98
160
92
190
6
37
111
74
25
6
6
86
31
55
31
6
178
6
6
6
18
68
111
80
12
49
18
6
80
0

Total Possible Cases
143
193
607
343
171
193
393
14
471
529
307
1,279
1,021
171
100
114
186
107
221
7
43
129
86
29
7
6
100
36
64
36
6
207
6
7
7
21
79
129
93
14
57
21
7
93
0

COVID-19 Cases by Zip Code
Zip
29379
29384
29385
29388
29401
29403
29404
29405
29406
29407
29409
29410
29412
29414
29418
29420
29424
29425
29426
29429
29431
29432
29434
29435
29436
29437
29438
29439
29440
29445
29446
29448
29449
29450
29451
29452
29453
29455
29456
29458
29461
29464
29466
29468
29469

Reported Cases
24
1
23
13
11
28
2
31
27
38
0
44
41
37
26
26
0
12
0
6
0
1
0
3
2
1
1
2
20
34
1
1
8
1
8
0
1
16
22
3
64
67
43
2
0

Estimated Cases
147
6
141
80
68
172
12
190
166
233
6
270
252
227
160
160
6
74
6
37
6
6
6
18
12
6
6
12
123
209
6
6
49
6
49
6
6
98
135
18
393
412
264
6
6

Total Possible Cases
171
7
164
93
79
200
14
221
193
271
6
314
293
264
186
186
6
86
6
43
6
7
6
21
14
7
7
14
143
243
7
7
57
7
57
6
7
114
157
21
457
479
307
8
6

COVID-19 Cases by Zip Code
Zip
29470
29471
29472
29474
29475
29477
29479
29481
29482
29483
29485
29486
29487
29488
29492
29493
29501
29505
29506
29510
29511
29512
29516
29518
29519
29520
29525
29526
29527
29530
29532
29536
29540
29541
29543
29544
29545
29546
29547
29550
29554
29555
29556
29560
29563

Reported Cases
5
2
3
0
3
5
9
0
7
29
33
12
4
20
12
0
105
44
63
8
5
40
4
2
0
22
4
22
31
9
38
42
15
20
0
4
1
5
5
70
27
8
44
29
10
0

Estimated Cases
31
12
18
6
18
31
55
6
43
178
203
74
25
123
74
6
645
270
387
49
31
246
25
12
6
135
25
135
190
55
233
258
92
123
6
25
6
31
31
430
166
49
270
178
61
6

Total Possible Cases
36
14
21
6
21
36
64
6
50
207
236
86
29
143
86
6
750
314
450
57
36
286
29
14
6
157
29
157
221
64
271
300
107
143
6
29
7
36
36
500
193
57
314
207
71
6

COVID-19 Cases by Zip Code
Zip
29564
29565
29566
29567
29568
29569
29570
29571
29572
29574
29575
29576
29577
29579
29580
29581
29582
29583
29584
29585
29588
29590
29591
29592
29593
29594
29596
29601
29605
29607
29609
29611
29615
29617
29620
29621
29624
29625
29626
29627
29628
29630
29631
29634
29635

Reported Cases
0
7
11
2
12
18
1
20
6
12
11
24
22
20
4
4
5
11
2
12
31
5
16
0
1
0
0
25
72
46
57
67
43
27
21
40
19
25
8
13
4
1
5
0
1

Estimated Cases
6
43
68
12
74
111
6
123
37
74
68
147
135
123
25
25
31
68
12
74
190
31
98
6
6
6
6
154
442
283
350
412
264
166
129
246
117
154
49
80
25
6
31
6
6

Total Possible Cases
6
50
79
14
86
129
7
143
43
86
79
171
157
143
29
29
36
79
14
86
221
36
114
6
7
6
6
179
514
329
407
479
307
193
150
286
136
179
57
93
29
7
36
6
7

COVID-19 Cases by Zip Code
Zip
29638
29639
29640
29642
29643
29644
29645
29646
29649
29650
29651
29653
29654
29655
29657
29658
29661
29662
29664
29665
29666
29667
29669
29670
29671
29672
29673
29676
29678
29680
29681
29682
29683
29684
29685
29686
29687
29689
29690
29691
29692
29693
29696
29697
29702

Reported Cases
2
1
17
23
0
21
9
21
18
38
64
0
7
11
9
0
3
19
0
0
5
0
15
3
3
3
35
5
10
43
52
2
0
4
1
0
46
2
15
2
5
5
0
7
2

Estimated Cases
12
6
104
141
6
129
55
129
111
233
393
6
43
68
55
6
18
117
6
6
31
6
92
18
18
18
215
31
61
264
319
12
6
25
6
6
283
12
92
12
31
31
6
43
12

Total Possible Cases
14
7
121
164
6
150
64
150
129
271
457
6
50
79
64
6
21
136
6
6
36
6
107
21
21
21
250
36
71
307
371
14
6
29
7
6
329
14
107
14
36
36
6
50
14

COVID-19 Cases by Zip Code
Zip
29704
29706
29707
29708
29709
29710
29712
29714
29715
29717
29718
29720
29726
29727
29728
29729
29730
29732
29741
29742
29743
29745
29801
29803
29805
29809
29810
29812
29817
29819
29821
29824
29827
29828
29829
29831
29832
29835
29836
29838
29840
29841
29842
29843
29845

Reported Cases
2
16
20
23
9
34
1
6
35
2
4
73
0
0
11
2
45
61
4
1
0
13
18
19
2
0
4
11
7
0
0
6
6
0
5
2
16
6
0
0
0
29
3
0
0

Estimated Cases
12
98
123
141
55
209
6
37
215
12
25
448
6
6
68
12
276
375
25
6
6
80
111
117
12
6
25
68
43
6
6
37
37
6
31
12
98
37
6
6
6
178
18
6
6

Total Possible Cases
14
114
143
164
64
243
7
43
250
14
29
521
6
6
79
14
321
436
29
7
6
93
129
136
14
6
29
79
50
6
6
43
43
6
36
14
114
43
6
6
6
207
21
6
6

COVID-19 Cases by Zip Code
Zip
29847
29848
29849
29851
29853
29856
29860
29902
29904
29906
29907
29909
29910
29911
29912
29915
29916
29918
29920
29921
29922
29923
29924
29926
29927
29928
29929
29932
29934
29935
29936
29940
29941
29943
29944
29945

Reported Cases
3
0
0
2
6
2
13
84
0
41
22
14
48
1
1
1
0
7
10
0
1
0
10
17
5
11
4
1
1
9
14
2
1
0
5
4

Estimated Cases
18
6
6
12
37
12
80
516
6
252
135
86
295
6
6
6
6
43
61
6
6
6
61
104
31
68
25
6
6
55
86
12
6
6
31
25

Total Possible Cases
21
6
6
14
43
14
93
600
6
293
157
100
343
7
7
7
6
50
71
6
7
6
71
121
36
79
29
7
7
64
100
14
7
6
36
29

