COVID-19 Cases, by Zip Code
Zip Count Legend
0 Cases
1 Case
2 - 5 Cases
6 - 10 Cases
11 - 20 Cases
> 20 Cases

© OpenStreetMap

COVID-19 Cases by Zip Code
Zip

29001
29003
29006
29009
29010
29014
29015
29016
29018
29020
29030
29031
29032
29033
29036
29037
29038
29039
29040
29042
29044
29045
29047
29048
29051
29052
29053
29054
29055
29056
29058
29059
29061
29063
29065
29067
29069
29070
29072
29073
29074
29075
29078
29080
29081

Reported Cases
5
3
3
3
25
1
0
35
0
97
1
0
2
4
14
0
4
0
10
3
7
59
2
1
2
5
17
3
5
1
4
2
23
31
1
6
4
13
42
26
0
1
38
8
0

Estimated Cases
31
18
18
18
154
6
6
215
6
596
6
6
12
25
86
6
25
6
61
18
43
362
12
6
12
31
104
18
31
6
25
12
141
190
6
37
25
80
258
160
6
6
233
49
6

Total Possible Cases
36
21
21
21
179
7
6
250
6
693
7
6
14
29
100
6
29
6
71
21
50
421
14
7
14
36
121
21
36
7
29
14
164
221
7
43
29
93
300
186
6
7
271
57
6

COVID-19 Cases by Zip Code
Zip
29082
29101
29102
29104
29105
29107
29108
29111
29112
29113
29114
29115
29118
29122
29123
29125
29126
29127
29128
29129
29130
29133
29135
29137
29138
29142
29145
29146
29148
29150
29152
29153
29154
29160
29161
29162
29163
29164
29166
29168
29169
29170
29172
29175
29178

Reported Cases
0
5
67
1
2
2
7
0
8
0
0
15
6
0
4
6
1
6
19
4
8
0
4
6
4
1
0
1
23
51
2
32
38
11
3
1
0
3
0
4
14
17
11
2
1

Estimated Cases
6
31
412
6
12
12
43
6
49
6
6
92
37
6
25
37
6
37
117
25
49
6
25
37
25
6
6
6
141
313
12
197
233
68
18
6
6
18
6
25
86
104
68
12
6

Total Possible Cases
6
36
479
7
14
14
50
6
57
6
6
107
43
6
29
43
7
43
136
29
57
6
29
43
29
7
6
7
164
364
14
229
271
79
21
7
6
21
6
29
100
121
79
14
7

COVID-19 Cases by Zip Code
Zip
29180
29201
29203
29204
29205
29206
29207
29208
29209
29210
29212
29223
29229
29301
29302
29303
29306
29307
29316
29321
29322
29323
29325
29330
29332
29333
29334
29335
29340
29341
29346
29349
29351
29353
29355
29356
29360
29365
29369
29370
29372
29374
29375
29376
29377

Reported Cases
14
22
52
29
15
22
47
2
38
40
28
97
67
19
13
4
18
8
14
1
3
13
5
2
0
0
6
3
6
4
0
20
0
0
1
1
3
10
10
1
8
2
1
12
2

Estimated Cases
86
135
319
178
92
135
289
12
233
246
172
596
412
117
80
25
111
49
86
6
18
80
31
12
6
6
37
18
37
25
6
123
6
6
6
6
18
61
61
6
49
12
6
74
12

Total Possible Cases
100
157
371
207
107
157
336
14
271
286
200
693
479
136
93
29
129
57
100
7
21
93
36
14
6
6
43
21
43
29
6
143
6
6
7
7
21
71
71
7
57
14
7
86
14

COVID-19 Cases by Zip Code
Zip
29379
29384
29385
29388
29401
29403
29404
29405
29406
29407
29409
29410
29412
29414
29418
29420
29424
29425
29426
29429
29431
29432
29434
29435
29436
29437
29438
29439
29440
29445
29446
29448
29449
29450
29451
29452
29453
29455
29456
29458
29461
29464
29466
29468
29469

Reported Cases
22
1
13
13
10
27
2
22
17
33
0
29
35
32
18
22
0
4
0
6
0
1
0
2
1
1
1
1
11
26
1
0
7
1
5
0
1
13
16
3
34
57
40
0
0

Estimated Cases
135
6
80
80
61
166
12
135
104
203
6
178
215
197
111
135
6
25
6
37
6
6
6
12
6
6
6
6
68
160
6
6
43
6
31
6
6
80
98
18
209
350
246
6
6

Total Possible Cases
157
7
93
93
71
193
14
157
121
236
6
207
250
229
129
157
6
29
6
43
6
7
6
14
7
7
7
7
79
186
7
6
50
7
36
6
7
93
114
21
243
407
286
6
6

COVID-19 Cases by Zip Code
Zip
29470
29471
29472
29474
29475
29477
29479
29481
29482
29483
29485
29486
29487
29488
29492
29493
29501
29505
29506
29510
29511
29512
29516
29518
29519
29520
29525
29526
29527
29530
29532
29536
29540
29541
29543
29544
29545
29546
29547
29550
29554
29555
29556
29560
29563

Reported Cases
5
2
3
0
3
4
4
0
7
21
23
4
4
11
11
0
29
11
15
3
1
17
1
0
0
9
1
17
24
1
10
4
5
6
0
2
1
3
1
27
10
1
1
11
1
0

Estimated Cases
31
12
18
6
18
25
25
6
43
129
141
25
25
68
68
6
178
68
92
18
6
104
6
6
6
55
6
104
147
6
61
25
31
37
6
12
6
18
6
166
61
6
6
68
6
6

Total Possible Cases
36
14
21
6
21
29
29
6
50
150
164
29
29
79
79
6
207
79
107
21
7
121
7
6
6
64
7
121
171
7
71
29
36
43
6
14
7
21
7
193
71
7
7
79
7
6

COVID-19 Cases by Zip Code
Zip
29564
29565
29566
29567
29568
29569
29570
29571
29572
29574
29575
29576
29577
29579
29580
29581
29582
29583
29584
29585
29588
29590
29591
29592
29593
29594
29596
29601
29605
29607
29609
29611
29615
29617
29620
29621
29624
29625
29626
29627
29628
29630
29631
29634
29635

Reported Cases
0
3
8
0
8
7
0
1
5
4
9
19
16
13
2
0
4
4
0
11
19
4
7
0
1
0
0
16
42
31
22
34
27
10
10
32
11
18
7
7
0
1
2
0
1

Estimated Cases
6
18
49
6
49
43
6
6
31
25
55
117
98
80
12
6
25
25
6
68
117
25
43
6
6
6
6
98
258
190
135
209
166
61
61
197
68
111
43
43
6
6
12
6
6

Total Possible Cases
6
21
57
6
57
50
6
7
36
29
64
136
114
93
14
6
29
29
6
79
136
29
50
6
7
6
6
114
300
221
157
243
193
71
71
229
79
129
50
50
6
7
14
6
7

COVID-19 Cases by Zip Code
Zip
29638
29639
29640
29642
29643
29644
29645
29646
29649
29650
29651
29653
29654
29655
29657
29658
29661
29662
29664
29665
29666
29667
29669
29670
29671
29672
29673
29676
29678
29680
29681
29682
29683
29684
29685
29686
29687
29689
29690
29691
29692
29693
29696
29697
29702

Reported Cases
0
0
10
16
0
13
5
10
8
18
41
0
5
10
6
0
2
13
0
0
3
0
8
2
2
2
19
1
6
34
36
2
0
3
0
0
20
2
6
1
3
4
0
3
2

Estimated Cases
6
6
61
98
6
80
31
61
49
111
252
6
31
61
37
6
12
80
6
6
18
6
49
12
12
12
117
6
37
209
221
12
6
18
6
6
123
12
37
6
18
25
6
18
12

Total Possible Cases
6
6
71
114
6
93
36
71
57
129
293
6
36
71
43
6
14
93
6
6
21
6
57
14
14
14
136
7
43
243
257
14
6
21
6
6
143
14
43
7
21
29
6
21
14

COVID-19 Cases by Zip Code
Zip
29704
29706
29707
29708
29709
29710
29712
29714
29715
29717
29718
29720
29726
29727
29728
29729
29730
29732
29741
29742
29743
29745
29801
29803
29805
29809
29810
29812
29817
29819
29821
29824
29827
29828
29829
29831
29832
29835
29836
29838
29840
29841
29842
29843
29845

Reported Cases
1
12
16
14
2
27
1
4
26
1
1
48
0
0
6
0
26
42
1
0
0
8
10
15
2
0
1
1
1
0
0
4
4
0
2
2
5
5
0
0
0
12
2
0
0

Estimated Cases
6
74
98
86
12
166
6
25
160
6
6
295
6
6
37
6
160
258
6
6
6
49
61
92
12
6
6
6
6
6
6
25
25
6
12
12
31
31
6
6
6
74
12
6
6

Total Possible Cases
7
86
114
100
14
193
7
29
186
7
7
343
6
6
43
6
186
300
7
6
6
57
71
107
14
6
7
7
7
6
6
29
29
6
14
14
36
36
6
6
6
86
14
6
6

COVID-19 Cases by Zip Code
Zip
29847
29848
29849
29851
29853
29856
29860
29902
29904
29906
29907
29909
29910
29911
29912
29915
29916
29918
29920
29921
29922
29923
29924
29926
29927
29928
29929
29932
29934
29935
29936
29940
29941
29943
29944
29945

Reported Cases
0
0
0
2
3
0
4
70
0
24
17
10
38
0
1
1
0
6
8
0
1
0
5
16
5
7
3
0
1
6
7
1
1
0
2
3

Estimated Cases
6
6
6
12
18
6
25
430
6
147
104
61
233
6
6
6
6
37
49
6
6
6
31
98
31
43
18
6
6
37
43
6
6
6
12
18

Total Possible Cases
6
6
6
14
21
6
29
500
6
171
121
71
271
6
7
7
6
43
57
6
7
6
36
114
36
50
21
6
7
43
50
7
7
6
14
21

