COVID-19 Cases, by Zip Code
Zip Count Legend
0 Cases
1 Case
2 - 5 Cases
6 - 10 Cases
11 - 20 Cases
> 20 Cases

© OpenStreetMap

COVID-19 Cases by Zip Code
Zip

29001
29003
29006
29009
29010
29014
29015
29016
29018
29020
29030
29031
29032
29033
29036
29037
29038
29039
29040
29042
29044
29045
29047
29048
29051
29052
29053
29054
29055
29056
29058
29059
29061
29063
29065
29067
29069
29070
29072
29073
29074
29075
29078
29080
29081

Reported Cases
6
3
3
4
32
2
0
35
0
100
1
0
2
5
17
0
4
0
13
3
7
61
2
1
2
5
23
5
5
1
4
2
25
34
1
6
8
15
49
30
0
1
40
8
0

Estimated Cases
37
18
18
25
197
12
6
215
6
614
6
6
12
31
104
6
25
6
80
18
43
375
12
6
12
31
141
31
31
6
25
12
154
209
6
37
49
92
301
184
6
6
246
49
6

Total Possible Cases
43
21
21
29
229
14
6
250
6
714
7
6
14
36
121
6
29
6
93
21
50
436
14
7
14
36
164
36
36
7
29
14
179
243
7
43
57
107
350
214
6
7
286
57
6

COVID-19 Cases by Zip Code
Zip
29082
29101
29102
29104
29105
29107
29108
29111
29112
29113
29114
29115
29118
29122
29123
29125
29126
29127
29128
29129
29130
29133
29135
29137
29138
29142
29145
29146
29148
29150
29152
29153
29154
29160
29161
29162
29163
29164
29166
29168
29169
29170
29172
29175
29178

Reported Cases
0
5
74
1
2
2
8
0
9
0
2
16
6
0
4
7
1
7
20
4
8
0
5
7
7
1
0
1
26
55
2
34
38
11
7
1
1
3
0
5
14
18
13
2
1

Estimated Cases
6
31
455
6
12
12
49
6
55
6
12
98
37
6
25
43
6
43
123
25
49
6
31
43
43
6
6
6
160
338
12
209
233
68
43
6
6
18
6
31
86
111
80
12
6

Total Possible Cases
6
36
529
7
14
14
57
6
64
6
14
114
43
6
29
50
7
50
143
29
57
6
36
50
50
7
6
7
186
393
14
243
271
79
50
7
7
21
6
36
100
129
93
14
7

COVID-19 Cases by Zip Code
Zip
29180
29201
29203
29204
29205
29206
29207
29208
29209
29210
29212
29223
29229
29301
29302
29303
29306
29307
29316
29321
29322
29323
29325
29330
29332
29333
29334
29335
29340
29341
29346
29349
29351
29353
29355
29356
29360
29365
29369
29370
29372
29374
29375
29376
29377

Reported Cases
15
23
55
33
15
22
50
2
42
48
33
133
72
22
13
6
19
9
14
1
3
14
5
3
0
0
8
3
6
4
0
22
0
1
1
1
4
10
10
1
8
2
1
12
2

Estimated Cases
92
141
338
203
92
135
307
12
258
295
203
817
442
135
80
37
117
55
86
6
18
86
31
18
6
6
49
18
37
25
6
135
6
6
6
6
25
61
61
6
49
12
6
74
12

Total Possible Cases
107
164
393
236
107
157
357
14
300
343
236
950
514
157
93
43
136
64
100
7
21
100
36
21
6
6
57
21
43
29
6
157
6
7
7
7
29
71
71
7
57
14
7
86
14

COVID-19 Cases by Zip Code
Zip
29379
29384
29385
29388
29401
29403
29404
29405
29406
29407
29409
29410
29412
29414
29418
29420
29424
29425
29426
29429
29431
29432
29434
29435
29436
29437
29438
29439
29440
29445
29446
29448
29449
29450
29451
29452
29453
29455
29456
29458
29461
29464
29466
29468
29469

Reported Cases
22
1
13
13
11
27
2
23
17
34
0
38
37
34
19
23
0
5
0
6
0
1
0
2
2
1
1
1
13
28
1
1
7
1
6
0
1
14
16
3
41
57
40
0
0

Estimated Cases
135
6
80
80
68
166
12
141
104
209
6
233
227
209
117
141
6
31
6
37
6
6
6
12
12
6
6
6
80
172
6
6
43
6
37
6
6
86
98
18
252
350
246
6
6

Total Possible Cases
157
7
93
93
79
193
14
164
121
243
6
271
264
243
136
164
6
36
6
43
6
7
6
14
14
7
7
7
93
200
7
7
50
7
43
6
7
100
114
21
293
407
286
6
6

COVID-19 Cases by Zip Code
Zip
29470
29471
29472
29474
29475
29477
29479
29481
29482
29483
29485
29486
29487
29488
29492
29493
29501
29505
29506
29510
29511
29512
29516
29518
29519
29520
29525
29526
29527
29530
29532
29536
29540
29541
29543
29544
29545
29546
29547
29550
29554
29555
29556
29560
29563

Reported Cases
5
2
3
0
3
4
4
0
7
24
28
4
4
13
11
0
41
16
25
4
1
26
1
0
0
12
1
18
26
2
12
5
8
9
0
3
1
2
2
32
10
4
3
14
4
0

Estimated Cases
31
12
18
6
18
25
25
6
43
147
172
25
25
80
68
6
252
98
154
25
6
160
6
6
6
74
6
111
160
12
74
31
49
55
6
18
6
12
12
197
61
25
18
86
25
6

Total Possible Cases
36
14
21
6
21
29
29
6
50
171
200
29
29
93
79
6
293
114
179
29
7
186
7
6
6
86
7
129
186
14
86
36
57
64
6
21
7
14
14
229
71
29
21
100
29
6

COVID-19 Cases by Zip Code
Zip
29564
29565
29566
29567
29568
29569
29570
29571
29572
29574
29575
29576
29577
29579
29580
29581
29582
29583
29584
29585
29588
29590
29591
29592
29593
29594
29596
29601
29605
29607
29609
29611
29615
29617
29620
29621
29624
29625
29626
29627
29628
29630
29631
29634
29635

Reported Cases
0
6
8
0
8
11
0
8
6
5
12
21
18
17
2
1
4
7
0
10
27
4
10
0
1
0
0
17
44
32
25
36
31
12
13
34
13
20
8
7
1
1
2
0
1

Estimated Cases
6
37
49
6
49
68
6
49
37
31
74
129
111
104
12
6
25
43
6
61
166
25
61
6
6
6
6
104
270
197
154
221
190
74
80
209
80
123
49
43
6
6
12
6
6

Total Possible Cases
6
43
57
6
57
79
6
57
43
36
86
150
129
121
14
7
29
50
6
71
193
29
71
6
7
6
6
121
314
229
179
257
221
86
93
243
93
143
57
50
7
7
14
6
7

COVID-19 Cases by Zip Code
Zip
29638
29639
29640
29642
29643
29644
29645
29646
29649
29650
29651
29653
29654
29655
29657
29658
29661
29662
29664
29665
29666
29667
29669
29670
29671
29672
29673
29676
29678
29680
29681
29682
29683
29684
29685
29686
29687
29689
29690
29691
29692
29693
29696
29697
29702

Reported Cases
1
0
10
17
0
15
6
12
9
20
42
0
6
10
6
0
2
13
0
0
5
0
10
2
3
3
22
2
6
34
40
2
0
3
0
0
22
2
7
1
4
5
0
4
2

Estimated Cases
6
6
61
104
6
92
37
74
55
123
258
6
37
61
37
6
12
80
6
6
31
6
61
12
18
18
135
12
37
209
246
12
6
18
6
6
135
12
43
6
25
31
6
25
12

Total Possible Cases
7
6
71
121
6
107
43
86
64
143
300
6
43
71
43
6
14
93
6
6
36
6
71
14
21
21
157
14
43
243
286
14
6
21
6
6
157
14
50
7
29
36
6
29
14

COVID-19 Cases by Zip Code
Zip
29704
29706
29707
29708
29709
29710
29712
29714
29715
29717
29718
29720
29726
29727
29728
29729
29730
29732
29741
29742
29743
29745
29801
29803
29805
29809
29810
29812
29817
29819
29821
29824
29827
29828
29829
29831
29832
29835
29836
29838
29840
29841
29842
29843
29845

Reported Cases
1
12
16
15
2
29
1
4
28
1
1
56
0
0
7
0
27
44
2
1
0
9
12
16
2
0
2
1
1
0
0
5
4
0
2
2
5
6
0
0
0
12
2
0
0

Estimated Cases
6
74
98
92
12
178
6
25
172
6
6
344
6
6
43
6
166
270
12
6
6
55
74
98
12
6
12
6
6
6
6
31
25
6
12
12
31
37
6
6
6
74
12
6
6

Total Possible Cases
7
86
114
107
14
207
7
29
200
7
7
400
6
6
50
6
193
314
14
7
6
64
86
114
14
6
14
7
7
6
6
36
29
6
14
14
36
43
6
6
6
86
14
6
6

COVID-19 Cases by Zip Code
Zip
29847
29848
29849
29851
29853
29856
29860
29902
29904
29906
29907
29909
29910
29911
29912
29915
29916
29918
29920
29921
29922
29923
29924
29926
29927
29928
29929
29932
29934
29935
29936
29940
29941
29943
29944
29945

Reported Cases
1
0
0
2
3
0
6
72
0
30
19
11
40
0
1
1
0
6
8
0
1
0
8
17
5
9
3
1
1
7
8
1
1
0
4
4

Estimated Cases
6
6
6
12
18
6
37
442
6
184
117
68
246
6
6
6
6
37
49
6
6
6
49
104
31
55
18
6
6
43
49
6
6
6
25
25

Total Possible Cases
7
6
6
14
21
6
43
514
6
214
136
79
286
6
7
7
6
43
57
6
7
6
57
121
36
64
21
7
7
50
57
7
7
6
29
29

