COVID-19 Cases, by Zip Code
Reported Cases
0 Cases
1 - 5 Cases
6 - 20 Cases
21 - 40 Cases
> 40 Cases

© OpenStreetMap

COVID-19 Cases by Zip Code
Zip

29001
29003
29006
29009
29010
29014
29015
29016
29018
29020
29030
29031
29032
29033
29036
29037
29038
29039
29040
29042
29044
29045
29047
29048
29051
29052
29053
29054
29055
29056
29058
29059
29061
29063
29065
29067
29069
29070
29072
29073
29074
29075
29078
29080
29081

Reported Cases
9
6
17
6
53
2
0
47
1
124
1
0
4
10
43
1
4
2
17
5
11
69
3
10
4
5
36
10
5
2
5
6
27
47
1
9
10
20
72
42
0
3
50
13
0

Estimated Cases
55
37
104
37
326
12
6
289
6
762
6
6
25
61
264
6
25
12
104
31
68
424
18
61
25
31
221
61
31
12
31
37
166
289
6
55
61
123
442
258
6
18
307
80
6

Total Possible Cases
64
43
121
43
379
14
6
336
7
886
7
6
29
71
307
7
29
14
121
36
79
493
21
71
29
36
257
71
36
14
36
43
193
336
7
64
71
143
514
300
6
21
357
93
6

COVID-19 Cases by Zip Code
Zip
29082
29101
29102
29104
29105
29107
29108
29111
29112
29113
29114
29115
29118
29122
29123
29125
29126
29127
29128
29129
29130
29133
29135
29137
29138
29142
29145
29146
29148
29150
29152
29153
29154
29160
29161
29162
29163
29164
29166
29168
29169
29170
29172
29175
29178

Reported Cases
0
6
153
3
2
3
10
1
15
0
4
24
10
0
4
12
1
10
26
6
21
1
6
9
59
2
1
3
53
76
3
41
65
13
20
8
5
4
0
5
26
27
17
2
3

Estimated Cases
6
37
940
18
12
18
61
6
92
6
25
147
61
6
25
74
6
61
160
37
129
6
37
55
362
12
6
18
326
467
18
252
399
80
123
49
31
25
6
31
160
166
104
12
18

Total Possible Cases
6
43
1,093
21
14
21
71
7
107
6
29
171
71
6
29
86
7
71
186
43
150
7
43
64
421
14
7
21
379
543
21
293
464
93
143
57
36
29
6
36
186
193
121
14
21

COVID-19 Cases by Zip Code
Zip
29180
29201
29203
29204
29205
29206
29207
29208
29209
29210
29212
29223
29229
29301
29302
29303
29306
29307
29316
29321
29322
29323
29325
29330
29332
29333
29334
29335
29340
29341
29346
29349
29351
29353
29355
29356
29360
29365
29369
29370
29372
29374
29375
29376
29377

Reported Cases
20
27
92
49
24
27
55
2
67
83
43
179
143
25
14
16
27
15
31
1
6
18
12
4
1
0
14
5
9
5
0
29
0
1
1
3
11
19
13
2
8
3
1
13
0

Estimated Cases
123
166
565
301
147
166
338
12
412
510
264
1,100
878
154
86
98
166
92
190
6
37
111
74
25
6
6
86
31
55
31
6
178
6
6
6
18
68
117
80
12
49
18
6
80
6

Total Possible Cases
143
193
657
350
171
193
393
14
479
593
307
1,279
1,021
179
100
114
193
107
221
7
43
129
86
29
7
6
100
36
64
36
6
207
6
7
7
21
79
136
93
14
57
21
7
93
6

COVID-19 Cases by Zip Code
Zip
29379
29384
29385
29388
29401
29403
29404
29405
29406
29407
29409
29410
29412
29414
29418
29420
29424
29425
29426
29429
29431
29432
29434
29435
29436
29437
29438
29439
29440
29445
29446
29448
29449
29450
29451
29452
29453
29455
29456
29458
29461
29464
29466
29468
29469

Reported Cases
24
1
23
13
11
28
2
31
27
38
0
44
41
37
26
26
0
12
0
6
0
1
0
3
2
1
1
2
21
34
1
2
8
1
9
0
1
15
22
3
65
68
43
2
0

Estimated Cases
147
6
141
80
68
172
12
190
166
233
6
270
252
227
160
160
6
74
6
37
6
6
6
18
12
6
6
12
129
209
6
12
49
6
55
6
6
92
135
18
399
418
264
12
6

Total Possible Cases
171
7
164
93
79
200
14
221
193
271
6
314
293
264
186
186
6
86
6
43
6
7
6
21
14
7
7
14
150
243
7
14
57
7
64
6
7
107
157
21
464
486
307
14
6

COVID-19 Cases by Zip Code
Zip
29470
29471
29472
29474
29475
29477
29479
29481
29482
29483
29485
29486
29487
29488
29492
29493
29501
29505
29506
29510
29511
29512
29516
29518
29519
29520
29525
29526
29527
29530
29532
29536
29540
29541
29543
29544
29545
29546
29547
29550
29554
29555
29556
29560
29563

Reported Cases
5
2
3
0
3
5
9
0
7
29
33
12
4
20
12
0
108
44
65
8
5
40
5
2
0
22
4
22
31
10
41
45
15
20
0
4
1
5
5
72
27
8
45
29
10
0

Estimated Cases
31
12
18
6
18
31
55
6
43
178
203
74
25
123
74
6
663
270
399
49
31
246
31
12
6
135
25
135
190
61
252
276
92
123
6
25
6
31
31
442
166
49
276
178
61
6

Total Possible Cases
36
14
21
6
21
36
64
6
50
207
236
86
29
143
86
6
771
314
464
57
36
286
36
14
6
157
29
157
221
71
293
321
107
143
6
29
7
36
36
514
193
57
321
207
71
6

COVID-19 Cases by Zip Code
Zip
29564
29565
29566
29567
29568
29569
29570
29571
29572
29574
29575
29576
29577
29579
29580
29581
29582
29583
29584
29585
29588
29590
29591
29592
29593
29594
29596
29601
29605
29607
29609
29611
29615
29617
29620
29621
29624
29625
29626
29627
29628
29630
29631
29634
29635

Reported Cases
0
8
11
3
12
18
1
20
6
12
11
24
22
21
4
5
5
12
2
12
31
5
16
0
1
0
0
25
72
48
58
67
44
27
23
40
19
25
8
13
4
1
5
0
1

Estimated Cases
6
49
68
18
74
111
6
123
37
74
68
147
135
129
25
31
31
74
12
74
190
31
98
6
6
6
6
154
442
295
356
412
270
166
141
246
117
154
49
80
25
6
31
6
6

Total Possible Cases
6
57
79
21
86
129
7
143
43
86
79
171
157
150
29
36
36
86
14
86
221
36
114
6
7
6
6
179
514
343
414
479
314
193
164
286
136
179
57
93
29
7
36
6
7

COVID-19 Cases by Zip Code
Zip
29638
29639
29640
29642
29643
29644
29645
29646
29649
29650
29651
29653
29654
29655
29657
29658
29661
29662
29664
29665
29666
29667
29669
29670
29671
29672
29673
29676
29678
29680
29681
29682
29683
29684
29685
29686
29687
29689
29690
29691
29692
29693
29696
29697
29702

Reported Cases
2
1
17
23
0
21
9
22
18
38
65
0
7
11
9
0
3
19
0
0
5
0
15
3
3
3
35
5
10
44
53
2
0
4
1
0
47
2
15
2
6
6
0
7
2

Estimated Cases
12
6
104
141
6
129
55
135
111
233
399
6
43
68
55
6
18
117
6
6
31
6
92
18
18
18
215
31
61
270
326
12
6
25
6
6
289
12
92
12
37
37
6
43
12

Total Possible Cases
14
7
121
164
6
150
64
157
129
271
464
6
50
79
64
6
21
136
6
6
36
6
107
21
21
21
250
36
71
314
379
14
6
29
7
6
336
14
107
14
43
43
6
50
14

COVID-19 Cases by Zip Code
Zip
29704
29706
29707
29708
29709
29710
29712
29714
29715
29717
29718
29720
29726
29727
29728
29729
29730
29732
29741
29742
29743
29745
29801
29803
29805
29809
29810
29812
29817
29819
29821
29824
29827
29828
29829
29831
29832
29835
29836
29838
29840
29841
29842
29843
29845

Reported Cases
2
16
20
23
9
34
1
7
35
2
4
74
0
0
11
3
45
62
4
1
0
14
18
20
2
0
5
12
7
0
0
6
6
0
5
2
16
6
0
0
0
31
3
0
0

Estimated Cases
12
98
123
141
55
209
6
43
215
12
25
455
6
6
68
18
276
381
25
6
6
86
111
123
12
6
31
74
43
6
6
37
37
6
31
12
98
37
6
6
6
190
18
6
6

Total Possible Cases
14
114
143
164
64
243
7
50
250
14
29
529
6
6
79
21
321
443
29
7
6
100
129
143
14
6
36
86
50
6
6
43
43
6
36
14
114
43
6
6
6
221
21
6
6

COVID-19 Cases by Zip Code
Zip
29847
29848
29849
29851
29853
29856
29860
29902
29904
29906
29907
29909
29910
29911
29912
29915
29916
29918
29920
29921
29922
29923
29924
29926
29927
29928
29929
29932
29934
29935
29936
29940
29941
29943
29944
29945

Reported Cases
4
0
0
2
6
2
13
84
0
41
22
14
48
1
1
1
0
7
10
0
1
0
10
17
5
12
4
1
1
9
14
2
1
0
5
4

Estimated Cases
25
6
6
12
37
12
80
516
6
252
135
86
295
6
6
6
6
43
61
6
6
6
61
104
31
74
25
6
6
55
86
12
6
6
31
25

Total Possible Cases
29
6
6
14
43
14
93
600
6
293
157
100
343
7
7
7
6
50
71
6
7
6
71
121
36
86
29
7
7
64
100
14
7
6
36
29

