COVID-19 Cases, by Zip Code
Reported Cases
0 Cases
1 - 5 Cases
6 - 20 Cases
21 - 40 Cases
> 40 Cases

© OpenStreetMap

COVID-19 Cases by Zip Code
Zip

29001
29003
29006
29009
29010
29014
29015
29016
29018
29020
29030
29031
29032
29033
29036
29037
29038
29039
29040
29042
29044
29045
29047
29048
29051
29052
29053
29054
29055
29056
29058
29059
29061
29063
29065
29067
29069
29070
29072
29073
29074
29075
29078
29080
29081

Reported Cases
8
4
12
5
44
2
0
45
1
123
1
0
3
10
42
0
4
1
15
4
10
67
3
7
4
5
31
9
5
2
4
5
28
45
1
8
9
18
65
40
0
2
46
12
0

Estimated Cases
49
25
74
31
270
12
6
276
6
756
6
6
18
61
258
6
25
6
92
25
61
412
18
43
25
31
190
55
31
12
25
31
172
276
6
49
55
111
399
246
6
12
283
74
6

Total Possible Cases
57
29
86
36
314
14
6
321
7
879
7
6
21
71
300
6
29
7
107
29
71
479
21
50
29
36
221
64
36
14
29
36
200
321
7
57
64
129
464
286
6
14
329
86
6

COVID-19 Cases by Zip Code
Zip
29082
29101
29102
29104
29105
29107
29108
29111
29112
29113
29114
29115
29118
29122
29123
29125
29126
29127
29128
29129
29130
29133
29135
29137
29138
29142
29145
29146
29148
29150
29152
29153
29154
29160
29161
29162
29163
29164
29166
29168
29169
29170
29172
29175
29178

Reported Cases
0
5
129
3
2
2
10
1
11
0
3
23
7
0
4
11
1
7
26
6
11
0
5
8
33
2
1
2
50
69
3
41
49
13
17
8
1
4
0
5
23
24
17
2
2

Estimated Cases
6
31
792
18
12
12
61
6
68
6
18
141
43
6
25
68
6
43
160
37
68
6
31
49
203
12
6
12
307
424
18
252
301
80
104
49
6
25
6
31
141
147
104
12
12

Total Possible Cases
6
36
921
21
14
14
71
7
79
6
21
164
50
6
29
79
7
50
186
43
79
6
36
57
236
14
7
14
357
493
21
293
350
93
121
57
7
29
6
36
164
171
121
14
14

COVID-19 Cases by Zip Code
Zip
29180
29201
29203
29204
29205
29206
29207
29208
29209
29210
29212
29223
29229
29301
29302
29303
29306
29307
29316
29321
29322
29323
29325
29330
29332
29333
29334
29335
29340
29341
29346
29349
29351
29353
29355
29356
29360
29365
29369
29370
29372
29374
29375
29376
29377

Reported Cases
20
26
80
47
21
26
55
2
63
66
40
168
127
23
13
13
21
14
27
1
4
15
12
4
0
0
11
3
7
5
0
25
0
1
1
1
10
14
12
2
8
3
1
13
2

Estimated Cases
123
160
491
289
129
160
338
12
387
405
246
1,032
780
141
80
80
129
86
166
6
25
92
74
25
6
6
68
18
43
31
6
154
6
6
6
6
61
86
74
12
49
18
6
80
12

Total Possible Cases
143
186
571
336
150
186
393
14
450
471
286
1,200
907
164
93
93
150
100
193
7
29
107
86
29
6
6
79
21
50
36
6
179
6
7
7
7
71
100
86
14
57
21
7
93
14

COVID-19 Cases by Zip Code
Zip
29379
29384
29385
29388
29401
29403
29404
29405
29406
29407
29409
29410
29412
29414
29418
29420
29424
29425
29426
29429
29431
29432
29434
29435
29436
29437
29438
29439
29440
29445
29446
29448
29449
29450
29451
29452
29453
29455
29456
29458
29461
29464
29466
29468
29469

Reported Cases
23
1
16
13
11
28
2
28
24
37
0
44
41
37
26
26
0
11
0
6
0
1
0
3
2
1
1
1
17
33
1
1
7
1
8
0
1
14
21
3
63
66
42
0
0

Estimated Cases
141
6
98
80
68
172
12
172
147
227
6
270
252
227
160
160
6
68
6
37
6
6
6
18
12
6
6
6
104
203
6
6
43
6
49
6
6
86
129
18
387
405
258
6
6

Total Possible Cases
164
7
114
93
79
200
14
200
171
264
6
314
293
264
186
186
6
79
6
43
6
7
6
21
14
7
7
7
121
236
7
7
50
7
57
6
7
100
150
21
450
471
300
6
6

COVID-19 Cases by Zip Code
Zip
29470
29471
29472
29474
29475
29477
29479
29481
29482
29483
29485
29486
29487
29488
29492
29493
29501
29505
29506
29510
29511
29512
29516
29518
29519
29520
29525
29526
29527
29530
29532
29536
29540
29541
29543
29544
29545
29546
29547
29550
29554
29555
29556
29560
29563

Reported Cases
5
2
3
0
3
4
7
0
7
29
30
10
4
15
11
0
87
41
56
8
2
37
4
2
0
18
1
21
29
6
32
23
13
17
0
4
1
5
5
57
26
8
24
27
9
0

Estimated Cases
31
12
18
6
18
25
43
6
43
178
184
61
25
92
68
6
534
252
344
49
12
227
25
12
6
111
6
129
178
37
197
141
80
104
6
25
6
31
31
350
160
49
147
166
55
6

Total Possible Cases
36
14
21
6
21
29
50
6
50
207
214
71
29
107
79
6
621
293
400
57
14
264
29
14
6
129
7
150
207
43
229
164
93
121
6
29
7
36
36
407
186
57
171
193
64
6

COVID-19 Cases by Zip Code
Zip
29564
29565
29566
29567
29568
29569
29570
29571
29572
29574
29575
29576
29577
29579
29580
29581
29582
29583
29584
29585
29588
29590
29591
29592
29593
29594
29596
29601
29605
29607
29609
29611
29615
29617
29620
29621
29624
29625
29626
29627
29628
29630
29631
29634
29635

Reported Cases
0
7
11
2
12
17
1
18
6
9
11
23
21
20
4
1
5
11
1
11
31
5
16
0
1
0
0
24
61
41
53
60
42
22
20
39
18
24
8
11
4
1
3
0
1

Estimated Cases
6
43
68
12
74
104
6
111
37
55
68
141
129
123
25
6
31
68
6
68
190
31
98
6
6
6
6
147
375
252
326
369
258
135
123
240
111
147
49
68
25
6
18
6
6

Total Possible Cases
6
50
79
14
86
121
7
129
43
64
79
164
150
143
29
7
36
79
7
79
221
36
114
6
7
6
6
171
436
293
379
429
300
157
143
279
129
171
57
79
29
7
21
6
7

COVID-19 Cases by Zip Code
Zip
29638
29639
29640
29642
29643
29644
29645
29646
29649
29650
29651
29653
29654
29655
29657
29658
29661
29662
29664
29665
29666
29667
29669
29670
29671
29672
29673
29676
29678
29680
29681
29682
29683
29684
29685
29686
29687
29689
29690
29691
29692
29693
29696
29697
29702

Reported Cases
2
0
16
22
0
21
9
15
17
35
57
0
7
11
8
0
3
17
0
0
5
0
14
3
3
3
29
5
10
41
46
2
0
4
1
0
38
2
13
1
5
5
0
7
2

Estimated Cases
12
6
98
135
6
129
55
92
104
215
350
6
43
68
49
6
18
104
6
6
31
6
86
18
18
18
178
31
61
252
283
12
6
25
6
6
233
12
80
6
31
31
6
43
12

Total Possible Cases
14
6
114
157
6
150
64
107
121
250
407
6
50
79
57
6
21
121
6
6
36
6
100
21
21
21
207
36
71
293
329
14
6
29
7
6
271
14
93
7
36
36
6
50
14

COVID-19 Cases by Zip Code
Zip
29704
29706
29707
29708
29709
29710
29712
29714
29715
29717
29718
29720
29726
29727
29728
29729
29730
29732
29741
29742
29743
29745
29801
29803
29805
29809
29810
29812
29817
29819
29821
29824
29827
29828
29829
29831
29832
29835
29836
29838
29840
29841
29842
29843
29845

Reported Cases
2
13
20
22
8
33
1
5
31
2
3
67
0
0
9
1
39
55
3
1
0
10
17
19
2
0
4
6
6
0
0
6
6
0
3
2
14
6
0
0
0
25
2
0
0

Estimated Cases
12
80
123
135
49
203
6
31
190
12
18
412
6
6
55
6
240
338
18
6
6
61
104
117
12
6
25
37
37
6
6
37
37
6
18
12
86
37
6
6
6
154
12
6
6

Total Possible Cases
14
93
143
157
57
236
7
36
221
14
21
479
6
6
64
7
279
393
21
7
6
71
121
136
14
6
29
43
43
6
6
43
43
6
21
14
100
43
6
6
6
179
14
6
6

COVID-19 Cases by Zip Code
Zip
29847
29848
29849
29851
29853
29856
29860
29902
29904
29906
29907
29909
29910
29911
29912
29915
29916
29918
29920
29921
29922
29923
29924
29926
29927
29928
29929
29932
29934
29935
29936
29940
29941
29943
29944
29945

Reported Cases
3
0
0
2
6
2
13
83
0
39
22
12
47
1
1
1
0
7
10
0
1
0
8
17
5
11
3
1
1
9
12
1
1
0
4
4

Estimated Cases
18
6
6
12
37
12
80
510
6
240
135
74
289
6
6
6
6
43
61
6
6
6
49
104
31
68
18
6
6
55
74
6
6
6
25
25

Total Possible Cases
21
6
6
14
43
14
93
593
6
279
157
86
336
7
7
7
6
50
71
6
7
6
57
121
36
79
21
7
7
64
86
7
7
6
29
29

