COVID-19 Cases, by Zip Code
Reported Cases
0 Cases
1 - 5 Cases
6 - 20 Cases
21 - 40 Cases
> 40 Cases

© OpenStreetMap

COVID-19 Cases by Zip Code
Zip

29001
29003
29006
29009
29010
29014
29015
29016
29018
29020
29030
29031
29032
29033
29036
29037
29038
29039
29040
29042
29044
29045
29047
29048
29051
29052
29053
29054
29055
29056
29058
29059
29061
29063
29065
29067
29069
29070
29072
29073
29074
29075
29078
29080
29081

Reported Cases
8
4
13
5
48
2
0
45
1
123
1
0
4
10
43
0
4
2
16
5
10
67
3
8
4
5
34
9
5
2
4
5
28
45
1
8
9
18
67
40
0
2
47
13
0

Estimated Cases
49
25
80
31
295
12
6
276
6
756
6
6
25
61
264
6
25
6
98
31
61
412
18
49
25
31
209
55
31
12
25
31
172
276
6
49
55
111
412
246
6
12
289
80
6

Total Possible Cases
57
29
93
36
343
14
6
321
7
879
7
6
29
71
307
6
29
8
114
36
71
479
21
57
29
36
243
64
36
14
29
36
200
321
7
57
64
129
479
286
6
14
336
93
6

COVID-19 Cases by Zip Code
Zip
29082
29101
29102
29104
29105
29107
29108
29111
29112
29113
29114
29115
29118
29122
29123
29125
29126
29127
29128
29129
29130
29133
29135
29137
29138
29142
29145
29146
29148
29150
29152
29153
29154
29160
29161
29162
29163
29164
29166
29168
29169
29170
29172
29175
29178

Reported Cases
0
5
136
3
2
2
10
1
11
0
4
24
8
0
4
11
1
9
26
6
12
0
6
8
39
2
1
2
52
71
3
41
51
13
19
8
2
4
0
5
24
24
17
2
2

Estimated Cases
6
31
835
18
12
12
61
6
68
6
25
147
49
6
25
68
6
55
160
37
74
6
37
49
240
12
6
12
319
436
18
252
313
80
117
49
12
25
6
31
147
147
104
12
12

Total Possible Cases
6
36
971
21
14
14
71
7
79
6
29
171
57
6
29
79
7
64
186
43
86
6
43
57
279
14
7
14
371
507
21
293
364
93
136
57
14
29
6
36
171
171
121
14
14

COVID-19 Cases by Zip Code
Zip
29180
29201
29203
29204
29205
29206
29207
29208
29209
29210
29212
29223
29229
29301
29302
29303
29306
29307
29316
29321
29322
29323
29325
29330
29332
29333
29334
29335
29340
29341
29346
29349
29351
29353
29355
29356
29360
29365
29369
29370
29372
29374
29375
29376
29377

Reported Cases
20
26
82
47
21
26
55
2
63
68
41
172
131
23
14
15
23
15
30
1
5
16
12
4
0
0
14
4
9
5
0
29
0
1
1
1
11
16
12
2
8
3
1
13
2

Estimated Cases
123
160
504
289
129
160
338
12
387
418
252
1,057
805
141
86
92
141
92
184
6
31
98
74
25
6
6
86
25
55
31
6
178
6
6
6
6
68
98
74
12
49
18
6
80
12

Total Possible Cases
143
186
586
336
150
186
393
14
450
486
293
1,229
936
164
100
107
164
107
214
7
36
114
86
29
6
6
100
29
64
36
6
207
6
7
7
7
79
114
86
14
57
21
7
93
14

COVID-19 Cases by Zip Code
Zip
29379
29384
29385
29388
29401
29403
29404
29405
29406
29407
29409
29410
29412
29414
29418
29420
29424
29425
29426
29429
29431
29432
29434
29435
29436
29437
29438
29439
29440
29445
29446
29448
29449
29450
29451
29452
29453
29455
29456
29458
29461
29464
29466
29468
29469

Reported Cases
24
1
20
13
11
28
2
30
25
37
0
44
41
37
26
26
0
11
0
6
0
1
0
3
2
1
1
1
19
34
1
1
7
1
8
0
1
14
21
3
64
66
42
2
0

Estimated Cases
147
6
123
80
68
172
12
184
154
227
6
270
252
227
160
160
6
68
6
37
6
6
6
18
12
6
6
6
117
209
6
6
43
6
49
6
6
86
129
18
393
405
258
6
6

Total Possible Cases
171
7
143
93
79
200
14
214
179
264
6
314
293
264
186
186
6
79
6
43
6
7
6
21
14
7
7
7
136
243
7
7
50
7
57
6
7
100
150
21
457
471
300
8
6

COVID-19 Cases by Zip Code
Zip
29470
29471
29472
29474
29475
29477
29479
29481
29482
29483
29485
29486
29487
29488
29492
29493
29501
29505
29506
29510
29511
29512
29516
29518
29519
29520
29525
29526
29527
29530
29532
29536
29540
29541
29543
29544
29545
29546
29547
29550
29554
29555
29556
29560
29563

Reported Cases
5
2
3
0
3
5
9
0
7
29
31
10
4
16
11
0
93
41
59
8
3
38
4
2
0
18
2
21
30
8
36
28
14
18
0
4
1
5
5
65
26
8
25
27
9
0

Estimated Cases
31
12
18
6
18
31
55
6
43
178
190
61
25
98
68
6
571
252
362
49
18
233
25
12
6
111
12
129
184
49
221
172
86
111
6
25
6
31
31
399
160
49
154
166
55
6

Total Possible Cases
36
14
21
6
21
36
64
6
50
207
221
71
29
114
79
6
664
293
421
57
21
271
29
14
6
129
14
150
214
57
257
200
100
129
6
29
7
36
36
464
186
57
179
193
64
6

COVID-19 Cases by Zip Code
Zip
29564
29565
29566
29567
29568
29569
29570
29571
29572
29574
29575
29576
29577
29579
29580
29581
29582
29583
29584
29585
29588
29590
29591
29592
29593
29594
29596
29601
29605
29607
29609
29611
29615
29617
29620
29621
29624
29625
29626
29627
29628
29630
29631
29634
29635

Reported Cases
0
7
11
2
12
17
1
18
6
11
11
23
21
20
4
3
5
11
2
11
31
5
16
0
1
0
0
25
67
42
56
63
42
24
21
39
18
24
8
11
4
1
4
0
1

Estimated Cases
6
43
68
12
74
104
6
111
37
68
68
141
129
123
25
18
31
68
12
68
190
31
98
6
6
6
6
154
412
258
344
387
258
147
129
240
111
147
49
68
25
6
25
6
6

Total Possible Cases
6
50
79
14
86
121
7
129
43
79
79
164
150
143
29
21
36
79
14
79
221
36
114
6
7
6
6
179
479
300
400
450
300
171
150
279
129
171
57
79
29
7
29
6
7

COVID-19 Cases by Zip Code
Zip
29638
29639
29640
29642
29643
29644
29645
29646
29649
29650
29651
29653
29654
29655
29657
29658
29661
29662
29664
29665
29666
29667
29669
29670
29671
29672
29673
29676
29678
29680
29681
29682
29683
29684
29685
29686
29687
29689
29690
29691
29692
29693
29696
29697
29702

Reported Cases
2
1
16
22
0
21
9
18
17
38
61
0
7
11
8
0
3
19
0
0
5
0
14
3
3
3
34
5
10
43
48
2
0
4
1
0
42
2
14
1
5
5
0
7
2

Estimated Cases
12
6
98
135
6
129
55
111
104
233
375
6
43
68
49
6
18
117
6
6
31
6
86
18
18
18
209
31
61
264
295
12
6
25
6
6
258
12
86
6
31
31
6
43
12

Total Possible Cases
14
7
114
157
6
150
64
129
121
271
436
6
50
79
57
6
21
136
6
6
36
6
100
21
21
21
243
36
71
307
343
14
6
29
7
6
300
14
100
7
36
36
6
50
14

COVID-19 Cases by Zip Code
Zip
29704
29706
29707
29708
29709
29710
29712
29714
29715
29717
29718
29720
29726
29727
29728
29729
29730
29732
29741
29742
29743
29745
29801
29803
29805
29809
29810
29812
29817
29819
29821
29824
29827
29828
29829
29831
29832
29835
29836
29838
29840
29841
29842
29843
29845

Reported Cases
2
14
21
23
9
33
1
6
34
2
3
70
0
0
9
2
44
57
4
1
0
11
17
19
2
0
4
8
6
0
0
6
6
0
3
2
14
6
0
0
0
28
2
0
0

Estimated Cases
12
86
129
141
55
203
6
37
209
12
18
430
6
6
55
12
270
350
25
6
6
68
104
117
12
6
25
49
37
6
6
37
37
6
18
12
86
37
6
6
6
172
12
6
6

Total Possible Cases
14
100
150
164
64
236
7
43
243
14
21
500
6
6
64
14
314
407
29
7
6
79
121
136
14
6
29
57
43
6
6
43
43
6
21
14
100
43
6
6
6
200
14
6
6

COVID-19 Cases by Zip Code
Zip
29847
29848
29849
29851
29853
29856
29860
29902
29904
29906
29907
29909
29910
29911
29912
29915
29916
29918
29920
29921
29922
29923
29924
29926
29927
29928
29929
29932
29934
29935
29936
29940
29941
29943
29944
29945

Reported Cases
3
0
0
2
6
2
13
83
0
39
22
12
47
1
1
1
0
7
10
0
1
0
8
17
5
11
3
1
1
9
12
2
1
0
4
4

Estimated Cases
18
6
6
12
37
12
80
510
6
240
135
74
289
6
6
6
6
43
61
6
6
6
49
104
31
68
18
6
6
55
74
12
6
6
25
25

Total Possible Cases
21
6
6
14
43
14
93
593
6
279
157
86
336
7
7
7
6
50
71
6
7
6
57
121
36
79
21
7
7
64
86
14
7
6
29
29

