COVID-19 Cases, by Zip Code
Reported Cases
0 Cases
1 - 5 Cases
6 - 20 Cases
21 - 40 Cases
> 40 Cases

© OpenStreetMap

COVID-19 Cases by Zip Code
Zip

29001
29003
29006
29009
29010
29014
29015
29016
29018
29020
29030
29031
29032
29033
29036
29037
29038
29039
29040
29042
29044
29045
29047
29048
29051
29052
29053
29054
29055
29056
29058
29059
29061
29063
29065
29067
29069
29070
29072
29073
29074
29075
29078
29080
29081

Reported Cases
8
3
7
5
38
2
0
41
1
114
1
0
2
7
42
0
4
0
15
3
8
65
3
4
2
5
29
8
5
2
4
2
26
43
1
6
10
17
53
37
0
2
40
11
0

Estimated Cases
49
18
43
31
233
12
6
252
6
700
6
6
12
43
258
6
25
6
92
18
49
399
18
25
12
31
178
49
31
12
25
12
160
264
6
37
61
104
326
227
6
12
246
68
6

Total Possible Cases
57
21
50
36
271
14
6
293
7
814
7
6
14
50
300
6
29
6
107
21
57
464
21
29
14
36
207
57
36
14
29
14
186
307
7
43
71
121
379
264
6
14
286
79
6

COVID-19 Cases by Zip Code
Zip
29082
29101
29102
29104
29105
29107
29108
29111
29112
29113
29114
29115
29118
29122
29123
29125
29126
29127
29128
29129
29130
29133
29135
29137
29138
29142
29145
29146
29148
29150
29152
29153
29154
29160
29161
29162
29163
29164
29166
29168
29169
29170
29172
29175
29178

Reported Cases
0
5
108
2
2
2
9
0
10
0
3
21
7
0
4
10
1
7
25
6
8
0
5
7
20
1
1
2
43
67
3
38
47
12
15
4
1
4
0
5
19
20
14
2
1

Estimated Cases
6
31
663
12
12
12
55
6
61
6
18
129
43
6
25
61
6
43
154
37
49
6
31
43
123
6
6
12
264
412
18
233
289
74
92
25
6
25
6
31
117
123
86
12
6

Total Possible Cases
6
36
771
14
14
14
64
6
71
6
21
150
50
6
29
71
7
50
179
43
57
6
36
50
143
7
7
14
307
479
21
271
336
86
107
29
7
29
6
36
136
143
100
14
7

COVID-19 Cases by Zip Code
Zip
29180
29201
29203
29204
29205
29206
29207
29208
29209
29210
29212
29223
29229
29301
29302
29303
29306
29307
29316
29321
29322
29323
29325
29330
29332
29333
29334
29335
29340
29341
29346
29349
29351
29353
29355
29356
29360
29365
29369
29370
29372
29374
29375
29376
29377

Reported Cases
17
26
74
41
19
24
52
2
59
56
38
155
84
22
13
11
19
11
21
1
3
15
6
4
0
0
9
3
6
5
0
24
0
1
1
1
4
12
12
2
8
3
1
13
2

Estimated Cases
104
160
455
252
117
147
319
12
362
344
233
952
516
135
80
68
117
68
129
6
18
92
37
25
6
6
55
18
37
31
6
147
6
6
6
6
25
74
74
12
49
18
6
80
12

Total Possible Cases
121
186
529
293
136
171
371
14
421
400
271
1,107
600
157
93
79
136
79
150
7
21
107
43
29
6
6
64
21
43
36
6
171
6
7
7
7
29
86
86
14
57
21
7
93
14

COVID-19 Cases by Zip Code
Zip
29379
29384
29385
29388
29401
29403
29404
29405
29406
29407
29409
29410
29412
29414
29418
29420
29424
29425
29426
29429
29431
29432
29434
29435
29436
29437
29438
29439
29440
29445
29446
29448
29449
29450
29451
29452
29453
29455
29456
29458
29461
29464
29466
29468
29469

Reported Cases
23
1
14
13
11
28
2
27
18
37
0
41
40
36
25
22
0
8
0
7
0
1
0
3
2
1
1
1
16
33
1
1
7
1
8
0
1
14
20
3
61
61
41
0
0

Estimated Cases
141
6
86
80
68
172
12
166
111
227
6
252
246
221
154
135
6
49
6
43
6
6
6
18
12
6
6
6
98
203
6
6
43
6
49
6
6
86
123
18
375
375
252
6
6

Total Possible Cases
164
7
100
93
79
200
14
193
129
264
6
293
286
257
179
157
6
57
6
50
6
7
6
21
14
7
7
7
114
236
7
7
50
7
57
6
7
100
143
21
436
436
293
6
6

COVID-19 Cases by Zip Code
Zip
29470
29471
29472
29474
29475
29477
29479
29481
29482
29483
29485
29486
29487
29488
29492
29493
29501
29505
29506
29510
29511
29512
29516
29518
29519
29520
29525
29526
29527
29530
29532
29536
29540
29541
29543
29544
29545
29546
29547
29550
29554
29555
29556
29560
29563

Reported Cases
5
2
3
0
3
4
7
0
7
26
29
9
4
15
11
0
71
35
43
8
2
33
2
0
0
17
1
19
28
4
27
14
11
16
0
3
1
5
4
52
22
6
11
21
6
0

Estimated Cases
31
12
18
6
18
25
43
6
43
160
178
55
25
92
68
6
436
215
264
49
12
203
12
6
6
104
6
117
172
25
166
86
68
98
6
18
6
31
25
319
135
37
68
129
37
6

Total Possible Cases
36
14
21
6
21
29
50
6
50
186
207
64
29
107
79
6
507
250
307
57
14
236
14
6
6
121
7
136
200
29
193
100
79
114
6
21
7
36
29
371
157
43
79
150
43
6

COVID-19 Cases by Zip Code
Zip
29564
29565
29566
29567
29568
29569
29570
29571
29572
29574
29575
29576
29577
29579
29580
29581
29582
29583
29584
29585
29588
29590
29591
29592
29593
29594
29596
29601
29605
29607
29609
29611
29615
29617
29620
29621
29624
29625
29626
29627
29628
29630
29631
29634
29635

Reported Cases
0
7
10
2
10
16
1
16
6
8
11
23
20
19
4
1
5
11
0
11
30
5
16
0
1
0
0
19
50
34
31
41
38
15
18
37
16
21
8
9
3
1
2
0
1

Estimated Cases
6
43
61
12
61
98
6
98
37
49
68
141
123
117
25
6
31
68
6
68
184
31
98
6
6
6
6
117
307
209
190
252
233
92
111
227
98
129
49
55
18
6
12
6
6

Total Possible Cases
6
50
71
14
71
114
7
114
43
57
79
164
143
136
29
7
36
79
6
79
214
36
114
6
7
6
6
136
357
243
221
293
271
107
129
264
114
150
57
64
21
7
14
6
7

COVID-19 Cases by Zip Code
Zip
29638
29639
29640
29642
29643
29644
29645
29646
29649
29650
29651
29653
29654
29655
29657
29658
29661
29662
29664
29665
29666
29667
29669
29670
29671
29672
29673
29676
29678
29680
29681
29682
29683
29684
29685
29686
29687
29689
29690
29691
29692
29693
29696
29697
29702

Reported Cases
1
0
12
19
0
18
6
15
11
26
50
0
6
10
7
0
2
16
0
0
5
0
10
2
3
3
23
3
8
36
44
2
0
3
1
0
28
2
8
1
4
5
0
6
2

Estimated Cases
6
6
74
117
6
111
37
92
68
160
307
6
37
61
43
6
12
98
6
6
31
6
61
12
18
18
141
18
49
221
270
12
6
18
6
6
172
12
49
6
25
31
6
37
12

Total Possible Cases
7
6
86
136
6
129
43
107
79
186
357
6
43
71
50
6
14
114
6
6
36
6
71
14
21
21
164
21
57
257
314
14
6
21
7
6
200
14
57
7
29
36
6
43
14

COVID-19 Cases by Zip Code
Zip
29704
29706
29707
29708
29709
29710
29712
29714
29715
29717
29718
29720
29726
29727
29728
29729
29730
29732
29741
29742
29743
29745
29801
29803
29805
29809
29810
29812
29817
29819
29821
29824
29827
29828
29829
29831
29832
29835
29836
29838
29840
29841
29842
29843
29845

Reported Cases
1
13
19
20
6
32
1
5
30
2
2
60
0
0
9
1
30
49
3
1
0
10
16
19
2
0
2
3
5
0
0
6
6
0
3
2
11
6
0
0
0
22
2
0
0

Estimated Cases
6
80
117
123
37
197
6
31
184
12
12
369
6
6
55
6
184
301
18
6
6
61
98
117
12
6
12
18
31
6
6
37
37
6
18
12
68
37
6
6
6
135
12
6
6

Total Possible Cases
7
93
136
143
43
229
7
36
214
14
14
429
6
6
64
7
214
350
21
7
6
71
114
136
14
6
14
21
36
6
6
43
43
6
21
14
79
43
6
6
6
157
14
6
6

COVID-19 Cases by Zip Code
Zip
29847
29848
29849
29851
29853
29856
29860
29902
29904
29906
29907
29909
29910
29911
29912
29915
29916
29918
29920
29921
29922
29923
29924
29926
29927
29928
29929
29932
29934
29935
29936
29940
29941
29943
29944
29945

Reported Cases
1
0
0
2
6
1
10
81
0
35
22
11
48
0
1
1
0
6
8
0
1
0
8
17
5
10
3
1
1
9
10
1
1
0
4
4

Estimated Cases
6
6
6
12
37
6
61
498
6
215
135
68
295
6
6
6
6
37
49
6
6
6
49
104
31
61
18
6
6
55
61
6
6
6
25
25

Total Possible Cases
7
6
6
14
43
7
71
579
6
250
157
79
343
6
7
7
6
43
57
6
7
6
57
121
36
71
21
7
7
64
71
7
7
6
29
29

