COVID-19 Cases, by Zip Code
Reported Cases
0 Cases
1 - 5 Cases
6 - 20 Cases
21 - 40 Cases
> 40 Cases

© OpenStreetMap

COVID-19 Cases by Zip Code
Zip

29001
29003
29006
29009
29010
29014
29015
29016
29018
29020
29030
29031
29032
29033
29036
29037
29038
29039
29040
29042
29044
29045
29047
29048
29051
29052
29053
29054
29055
29056
29058
29059
29061
29063
29065
29067
29069
29070
29072
29073
29074
29075
29078
29080
29081

Reported Cases
8
4
9
5
38
2
0
41
1
115
1
0
2
8
42
0
4
0
15
3
8
65
3
7
2
5
30
8
5
2
4
2
27
43
1
6
9
18
61
38
0
2
42
11
0

Estimated Cases
49
25
55
31
233
12
6
252
6
706
6
6
12
49
258
6
25
6
92
18
49
399
18
43
12
31
184
49
31
12
25
12
166
264
6
37
55
111
375
233
6
12
258
68
6

Total Possible Cases
57
29
64
36
271
14
6
293
7
821
7
6
14
57
300
6
29
6
107
21
57
464
21
50
14
36
214
57
36
14
29
14
193
307
7
43
64
129
436
271
6
14
300
79
6

COVID-19 Cases by Zip Code
Zip
29082
29101
29102
29104
29105
29107
29108
29111
29112
29113
29114
29115
29118
29122
29123
29125
29126
29127
29128
29129
29130
29133
29135
29137
29138
29142
29145
29146
29148
29150
29152
29153
29154
29160
29161
29162
29163
29164
29166
29168
29169
29170
29172
29175
29178

Reported Cases
0
5
117
2
2
2
10
1
10
0
3
22
7
0
4
10
1
7
25
6
10
0
5
7
27
1
1
2
43
67
3
39
47
12
16
5
1
4
0
5
21
20
15
2
1

Estimated Cases
6
31
719
12
12
12
61
6
61
6
18
135
43
6
25
61
6
43
154
37
61
6
31
43
166
6
6
12
264
412
18
240
289
74
98
31
6
25
6
31
129
123
92
12
6

Total Possible Cases
6
36
836
14
14
14
71
7
71
6
21
157
50
6
29
71
7
50
179
43
71
6
36
50
193
7
7
14
307
479
21
279
336
86
114
36
7
29
6
36
150
143
107
14
7

COVID-19 Cases by Zip Code
Zip
29180
29201
29203
29204
29205
29206
29207
29208
29209
29210
29212
29223
29229
29301
29302
29303
29306
29307
29316
29321
29322
29323
29325
29330
29332
29333
29334
29335
29340
29341
29346
29349
29351
29353
29355
29356
29360
29365
29369
29370
29372
29374
29375
29376
29377

Reported Cases
20
26
75
41
20
24
53
2
62
58
39
160
116
22
13
11
19
11
25
1
3
15
8
4
0
0
10
3
6
5
0
24
0
1
1
1
8
12
12
2
8
3
1
13
2

Estimated Cases
123
160
461
252
123
147
326
12
381
356
240
983
713
135
80
68
117
68
154
6
18
92
49
25
6
6
61
18
37
31
6
147
6
6
6
6
49
74
74
12
49
18
6
80
12

Total Possible Cases
143
186
536
293
143
171
379
14
443
414
279
1,143
829
157
93
79
136
79
179
7
21
107
57
29
6
6
71
21
43
36
6
171
6
7
7
7
57
86
86
14
57
21
7
93
14

COVID-19 Cases by Zip Code
Zip
29379
29384
29385
29388
29401
29403
29404
29405
29406
29407
29409
29410
29412
29414
29418
29420
29424
29425
29426
29429
29431
29432
29434
29435
29436
29437
29438
29439
29440
29445
29446
29448
29449
29450
29451
29452
29453
29455
29456
29458
29461
29464
29466
29468
29469

Reported Cases
23
1
15
13
11
28
2
28
22
37
0
42
41
37
26
24
0
12
0
7
0
1
0
3
2
1
1
1
16
33
1
1
7
1
8
0
1
14
20
3
63
62
41
0
0

Estimated Cases
141
6
92
80
68
172
12
172
135
227
6
258
252
227
160
147
6
74
6
43
6
6
6
18
12
6
6
6
98
203
6
6
43
6
49
6
6
86
123
18
387
381
252
6
6

Total Possible Cases
164
7
107
93
79
200
14
200
157
264
6
300
293
264
186
171
6
86
6
50
6
7
6
21
14
7
7
7
114
236
7
7
50
7
57
6
7
100
143
21
450
443
293
6
6

COVID-19 Cases by Zip Code
Zip
29470
29471
29472
29474
29475
29477
29479
29481
29482
29483
29485
29486
29487
29488
29492
29493
29501
29505
29506
29510
29511
29512
29516
29518
29519
29520
29525
29526
29527
29530
29532
29536
29540
29541
29543
29544
29545
29546
29547
29550
29554
29555
29556
29560
29563

Reported Cases
5
2
3
0
3
4
7
0
7
27
30
9
4
15
11
0
82
37
49
8
2
34
3
1
0
17
1
19
28
5
27
19
11
17
0
3
1
5
5
53
22
7
20
22
6
0

Estimated Cases
31
12
18
6
18
25
43
6
43
166
184
55
25
92
68
6
504
227
301
49
12
209
18
6
6
104
6
117
172
31
166
117
68
104
6
18
6
31
31
326
135
43
123
135
37
6

Total Possible Cases
36
14
21
6
21
29
50
6
50
193
214
64
29
107
79
6
586
264
350
57
14
243
21
7
6
121
7
136
200
36
193
136
79
121
6
21
7
36
36
379
157
50
143
157
43
6

COVID-19 Cases by Zip Code
Zip
29564
29565
29566
29567
29568
29569
29570
29571
29572
29574
29575
29576
29577
29579
29580
29581
29582
29583
29584
29585
29588
29590
29591
29592
29593
29594
29596
29601
29605
29607
29609
29611
29615
29617
29620
29621
29624
29625
29626
29627
29628
29630
29631
29634
29635

Reported Cases
0
7
10
2
12
16
1
18
6
9
11
23
20
19
4
1
5
11
0
11
30
5
16
0
1
0
0
21
56
35
37
45
39
18
19
37
17
21
8
10
3
1
2
0
1

Estimated Cases
6
43
61
12
74
98
6
111
37
55
68
141
123
117
25
6
31
68
6
68
184
31
98
6
6
6
6
129
344
215
227
276
240
111
117
227
104
129
49
61
18
6
12
6
6

Total Possible Cases
6
50
71
14
86
114
7
129
43
64
79
164
143
136
29
7
36
79
6
79
214
36
114
6
7
6
6
150
400
250
264
321
279
129
136
264
121
150
57
71
21
7
14
6
7

COVID-19 Cases by Zip Code
Zip
29638
29639
29640
29642
29643
29644
29645
29646
29649
29650
29651
29653
29654
29655
29657
29658
29661
29662
29664
29665
29666
29667
29669
29670
29671
29672
29673
29676
29678
29680
29681
29682
29683
29684
29685
29686
29687
29689
29690
29691
29692
29693
29696
29697
29702

Reported Cases
2
0
15
20
0
19
7
15
12
26
55
0
6
10
7
0
2
17
0
0
5
0
10
3
3
3
25
5
8
38
45
2
0
3
1
0
30
2
9
1
5
5
0
6
2

Estimated Cases
12
6
92
123
6
117
43
92
74
160
338
6
37
61
43
6
12
104
6
6
31
6
61
18
18
18
154
31
49
233
276
12
6
18
6
6
184
12
55
6
31
31
6
37
12

Total Possible Cases
14
6
107
143
6
136
50
107
86
186
393
6
43
71
50
6
14
121
6
6
36
6
71
21
21
21
179
36
57
271
321
14
6
21
7
6
214
14
64
7
36
36
6
43
14

COVID-19 Cases by Zip Code
Zip
29704
29706
29707
29708
29709
29710
29712
29714
29715
29717
29718
29720
29726
29727
29728
29729
29730
29732
29741
29742
29743
29745
29801
29803
29805
29809
29810
29812
29817
29819
29821
29824
29827
29828
29829
29831
29832
29835
29836
29838
29840
29841
29842
29843
29845

Reported Cases
1
13
19
21
6
32
1
5
30
2
2
62
0
0
9
1
31
51
3
1
0
10
16
19
2
0
2
3
6
0
0
6
6
0
3
2
12
6
0
0
0
22
2
0
0

Estimated Cases
6
80
117
129
37
197
6
31
184
12
12
381
6
6
55
6
190
313
18
6
6
61
98
117
12
6
12
18
37
6
6
37
37
6
18
12
74
37
6
6
6
135
12
6
6

Total Possible Cases
7
93
136
150
43
229
7
36
214
14
14
443
6
6
64
7
221
364
21
7
6
71
114
136
14
6
14
21
43
6
6
43
43
6
21
14
86
43
6
6
6
157
14
6
6

COVID-19 Cases by Zip Code
Zip
29847
29848
29849
29851
29853
29856
29860
29902
29904
29906
29907
29909
29910
29911
29912
29915
29916
29918
29920
29921
29922
29923
29924
29926
29927
29928
29929
29932
29934
29935
29936
29940
29941
29943
29944
29945

Reported Cases
1
0
0
2
6
1
11
82
0
36
22
11
48
0
1
1
0
6
8
0
1
0
8
17
5
10
3
1
1
9
12
1
1
0
4
4

Estimated Cases
6
6
6
12
37
6
68
504
6
221
135
68
295
6
6
6
6
37
49
6
6
6
49
104
31
61
18
6
6
55
74
6
6
6
25
25

Total Possible Cases
7
6
6
14
43
7
79
586
6
257
157
79
343
6
7
7
6
43
57
6
7
6
57
121
36
71
21
7
7
64
86
7
7
6
29
29

