COVID-19 Cases, by Zip Code
Zip Count Legend
0 Cases
1 Case
2 - 5 Cases
6 - 10 Cases
11 - 20 Cases
> 20 Cases

© OpenStreetMap

COVID-19 Cases by Zip Code
Zip

29001
29003
29006
29009
29010
29014
29015
29016
29018
29020
29030
29031
29032
29033
29036
29037
29038
29039
29040
29042
29044
29045
29047
29048
29051
29052
29053
29054
29055
29056
29058
29059
29061
29063
29065
29067
29069
29070
29072
29073
29074
29075
29078
29080
29081


Reported Cases
4
3
3
3
23
1
0
29
0
94
2
0
2
3
13
0
4
0
10
3
6
57
1
1
2
4
14
3
5
1
4
2
19
29
1
6
4
12
36
26
0
0
36
7
0

Estimated Cases
25
18
18
18
141
6
6
178
6
577
12
6
12
18
80
6
25
6
61
18
37
350
6
6
12
25
86
18
31
6
25
12
117
178
6
37
25
74
221
160
6
6
221
43
6

Total Possible Cases
29
21
21
21
164
7
6
207
6
671
14
6
14
21
93
6
29
6
71
21
43
407
7
7
14
29
100
21
36
7
29
14
136
207
7
43
29
86
257
186
6
6
257
50
6

COVID-19 Cases by Zip Code
Zip
29082
29101
29102
29104
29105
29107
29108
29111
29112
29113
29114
29115
29118
29122
29123
29125
29126
29127
29128
29129
29130
29133
29135
29137
29138
29142
29145
29146
29148
29150
29152
29153
29154
29160
29161
29162
29163
29164
29166
29168
29169
29170
29172
29175
29178

Reported Cases
0
2
57
1
2
1
6
0
8
0
0
14
6
0
3
6
1
3
17
4
8
0
4
5
3
1
0
1
23
45
2
29
33
9
2
1
0
3
0
4
13
12
9
1
1

Estimated Cases
6
12
350
6
12
6
37
6
49
6
6
86
37
6
18
37
6
18
104
25
49
6
25
31
18
6
6
6
141
276
12
178
203
55
12
6
6
18
6
25
80
74
55
6
6

Total Possible Cases
6
14
407
7
14
7
43
6
57
6
6
100
43
6
21
43
7
21
121
29
57
6
29
36
21
7
6
7
164
321
14
207
236
64
14
7
6
21
6
29
93
86
64
7
7

COVID-19 Cases by Zip Code
Zip
29180
29201
29203
29204
29205
29206
29207
29208
29209
29210
29212
29223
29229
29301
29302
29303
29306
29307
29316
29321
29322
29323
29325
29330
29332
29333
29334
29335
29340
29341
29346
29349
29351
29353
29355
29356
29360
29365
29369
29370
29372
29374
29375
29376
29377

Reported Cases
12
20
45
28
12
18
40
2
32
35
25
82
55
19
11
3
17
8
13
1
2
11
4
2
0
0
6
2
4
3
0
18
0
0
1
0
4
9
9
1
5
2
1
12
2

Estimated Cases
74
123
276
172
74
111
246
12
197
215
154
504
338
117
68
18
104
49
80
6
12
68
25
12
6
6
37
12
25
18
6
111
6
6
6
6
25
55
55
6
31
12
6
74
12

Total Possible Cases
86
143
321
200
86
129
286
14
229
250
179
586
393
136
79
21
121
57
93
7
14
79
29
14
6
6
43
14
29
21
6
129
6
6
7
6
29
64
64
7
36
14
7
86
14

COVID-19 Cases by Zip Code
Zip
29379
29384
29385
29388
29401
29403
29404
29405
29406
29407
29409
29410
29412
29414
29418
29420
29424
29425
29426
29429
29431
29432
29434
29435
29436
29437
29438
29439
29440
29445
29446
29448
29449
29450
29451
29452
29453
29455
29456
29458
29461
29464
29466
29468
29469

Reported Cases
22
0
9
12
10
24
2
19
16
31
0
12
35
30
16
21
0
3
0
6
0
1
0
2
1
1
1
1
10
24
1
0
7
1
5
0
1
13
15
2
29
55
35
0
0

Estimated Cases
135
6
55
74
61
147
12
117
98
190
6
74
215
184
98
129
6
18
6
37
6
6
6
12
6
6
6
6
61
147
6
6
43
6
31
6
6
80
92
12
178
338
215
6
6

Total Possible Cases
157
6
64
86
71
171
14
136
114
221
6
86
250
214
114
150
6
21
6
43
6
7
6
14
7
7
7
7
71
171
7
6
50
7
36
6
7
93
107
14
207
393
250
6
6

COVID-19 Cases by Zip Code
Zip
29470
29471
29472
29474
29475
29477
29479
29481
29482
29483
29485
29486
29487
29488
29492
29493
29501
29505
29506
29510
29511
29512
29516
29518
29519
29520
29525
29526
29527
29530
29532
29536
29540
29541
29543
29544
29545
29546
29547
29550
29554
29555
29556
29560
29563

Reported Cases
5
2
1
0
3
3
3
0
7
23
21
3
4
8
11
0
27
8
9
3
1
14
1
0
0
8
0
16
21
0
9
2
5
5
0
2
1
3
1
20
7
0
1
7
0
0

Estimated Cases
31
12
6
6
18
18
18
6
43
141
129
18
25
49
68
6
166
49
55
18
6
86
6
6
6
49
6
98
129
6
55
12
31
31
6
12
6
18
6
123
43
6
6
43
6
6

Total Possible Cases
36
14
7
6
21
21
21
6
50
164
150
21
29
57
79
6
193
57
64
21
7
100
7
6
6
57
6
114
150
6
64
14
36
36
6
14
7
21
7
143
50
6
7
50
6
6

COVID-19 Cases by Zip Code
Zip
29564
29565
29566
29567
29568
29569
29570
29571
29572
29574
29575
29576
29577
29579
29580
29581
29582
29583
29584
29585
29588
29590
29591
29592
29593
29594
29596
29601
29605
29607
29609
29611
29615
29617
29620
29621
29624
29625
29626
29627
29628
29630
29631
29634
29635

Reported Cases
0
1
8
0
6
7
0
0
6
3
8
19
15
12
2
0
4
4
0
11
18
3
5
0
1
0
0
12
33
24
19
28
20
10
9
30
9
17
7
7
0
1
1
0
1

Estimated Cases
6
6
49
6
37
43
6
6
37
18
49
117
92
74
12
6
25
25
6
68
111
18
31
6
6
6
6
74
203
147
117
172
123
61
55
184
55
104
43
43
6
6
6
6
6

Total Possible Cases
6
7
57
6
43
50
6
6
43
21
57
136
107
86
14
6
29
29
6
79
129
21
36
6
7
6
6
86
236
171
136
200
143
71
64
214
64
121
50
50
6
7
7
6
7

COVID-19 Cases by Zip Code
Zip
29638
29639
29640
29642
29643
29644
29645
29646
29649
29650
29651
29653
29654
29655
29657
29658
29661
29662
29664
29665
29666
29667
29669
29670
29671
29672
29673
29676
29678
29680
29681
29682
29683
29684
29685
29686
29687
29689
29690
29691
29692
29693
29696
29697
29702

Reported Cases
1
0
9
13
0
8
3
7
7
14
32
0
5
9
4
0
2
11
0
0
1
0
5
2
1
2
13
1
6
28
34
2
0
3
0
0
19
1
4
0
2
3
0
3
1

Estimated Cases
6
6
55
80
6
49
18
43
43
86
197
6
31
55
25
6
12
68
6
6
6
6
31
12
6
12
80
6
37
172
209
12
6
18
6
6
117
6
25
6
12
18
6
18
6

Total Possible Cases
7
6
64
93
6
57
21
50
50
100
229
6
36
64
29
6
14
79
6
6
7
6
36
14
7
14
93
7
43
200
243
14
6
21
6
6
136
7
29
6
14
21
6
21
7

COVID-19 Cases by Zip Code
Zip
29704
29706
29707
29708
29709
29710
29712
29714
29715
29717
29718
29720
29726
29727
29728
29729
29730
29732
29741
29742
29743
29745
29801
29803
29805
29809
29810
29812
29817
29819
29821
29824
29827
29828
29829
29831
29832
29835
29836
29838
29840
29841
29842
29843
29845

Reported Cases
1
10
16
14
2
23
1
4
25
1
1
44
0
0
5
0
23
38
1
0
0
8
6
15
2
0
1
1
1
0
0
4
4
0
1
2
4
3
0
0
0
10
2
0
0

Estimated Cases
6
61
98
86
12
141
6
25
154
6
6
270
6
6
31
6
141
233
6
6
6
49
37
92
12
6
6
6
6
6
6
25
25
6
6
12
25
18
6
6
6
61
12
6
6

Total Possible Cases
7
71
114
100
14
164
7
29
179
7
7
314
6
6
36
6
164
271
7
6
6
57
43
107
14
6
7
7
7
6
6
29
29
6
7
14
29
21
6
6
6
71
14
6
6

COVID-19 Cases by Zip Code
Zip
29847
29848
29849
29851
29853
29856
29860
29902
29904
29906
29907
29909
29910
29911
29912
29915
29916
29918
29920
29921
29922
29923
29924
29926
29927
29928
29929
29932
29934
29935
29936
29940
29941
29943
29944
29945

Reported Cases
0
0
0
0
3
0
4
68
0
22
14
10
36
0
1
1
0
5
8
0
0
0
0
13
5
7
1
0
0
5
6
1
1
0
2
3

Estimated Cases
6
6
6
6
18
6
25
418
6
135
86
61
221
6
6
6
6
31
49
6
6
6
6
80
31
43
6
6
6
31
37
6
6
6
12
18

Total Possible Cases
6
6
6
6
21
6
29
486
6
157
100
71
257
6
7
7
6
36
57
6
6
6
6
93
36
50
7
6
6
36
43
7
7
6
14
21

