COVID-19 Cases, by Zip Code
Reported Cases
0 Cases
1 - 5 Cases
6 - 20 Cases
21 - 40 Cases
> 40 Cases

© OpenStreetMap

COVID-19 Cases by Zip Code
Zip

29001
29003
29006
29009
29010
29014
29015
29016
29018
29020
29030
29031
29032
29033
29036
29037
29038
29039
29040
29042
29044
29045
29047
29048
29051
29052
29053
29054
29055
29056
29058
29059
29061
29063
29065
29067
29069
29070
29072
29073
29074
29075
29078
29080
29081

Reported Cases
8
3
6
5
36
2
0
40
1
110
1
0
2
6
41
0
4
0
15
3
8
65
3
1
2
5
28
7
5
2
4
2
26
43
1
6
10
17
50
34
0
2
40
10
0

Estimated Cases
49
18
37
31
221
12
6
246
6
676
6
6
12
37
252
6
25
6
92
18
49
399
18
6
12
31
172
43
31
12
25
12
160
264
6
37
61
104
307
209
6
12
246
61
6

Total Possible Cases
57
21
43
36
257
14
6
286
7
786
7
6
14
43
293
6
29
6
107
21
57
464
21
7
14
36
200
50
36
14
29
14
186
307
7
43
71
121
357
243
6
14
286
71
6

COVID-19 Cases by Zip Code
Zip
29082
29101
29102
29104
29105
29107
29108
29111
29112
29113
29114
29115
29118
29122
29123
29125
29126
29127
29128
29129
29130
29133
29135
29137
29138
29142
29145
29146
29148
29150
29152
29153
29154
29160
29161
29162
29163
29164
29166
29168
29169
29170
29172
29175
29178

Reported Cases
0
5
104
2
2
2
9
0
10
0
3
21
7
0
4
9
1
7
25
5
8
0
5
7
16
1
1
2
40
66
3
36
46
12
14
4
1
3
0
5
18
20
14
2
1

Estimated Cases
6
31
639
12
12
12
55
6
61
6
18
129
43
6
25
55
6
43
154
31
49
6
31
43
98
6
6
12
246
405
18
221
283
74
86
25
6
18
6
31
111
123
86
12
6

Total Possible Cases
6
36
743
14
14
14
64
6
71
6
21
150
50
6
29
64
7
50
179
36
57
6
36
50
114
7
7
14
286
471
21
257
329
86
100
29
7
21
6
36
129
143
100
14
7

COVID-19 Cases by Zip Code
Zip
29180
29201
29203
29204
29205
29206
29207
29208
29209
29210
29212
29223
29229
29301
29302
29303
29306
29307
29316
29321
29322
29323
29325
29330
29332
29333
29334
29335
29340
29341
29346
29349
29351
29353
29355
29356
29360
29365
29369
29370
29372
29374
29375
29376
29377

Reported Cases
16
25
71
40
19
24
52
2
56
53
34
150
82
22
13
10
19
10
19
1
3
15
5
4
0
0
9
3
6
4
0
23
0
1
1
1
4
12
12
2
8
3
1
13
2

Estimated Cases
98
154
436
246
117
147
319
12
344
326
209
921
504
135
80
61
117
61
117
6
18
92
31
25
6
6
55
18
37
25
6
141
6
6
6
6
25
74
74
12
49
18
6
80
12

Total Possible Cases
114
179
507
286
136
171
371
14
400
379
243
1,071
586
157
93
71
136
71
136
7
21
107
36
29
6
6
64
21
43
29
6
164
6
7
7
7
29
86
86
14
57
21
7
93
14

COVID-19 Cases by Zip Code
Zip
29379
29384
29385
29388
29401
29403
29404
29405
29406
29407
29409
29410
29412
29414
29418
29420
29424
29425
29426
29429
29431
29432
29434
29435
29436
29437
29438
29439
29440
29445
29446
29448
29449
29450
29451
29452
29453
29455
29456
29458
29461
29464
29466
29468
29469

Reported Cases
23
1
14
13
11
28
2
26
18
36
0
39
40
36
24
22
0
7
0
6
0
1
0
2
2
1
1
1
15
32
1
1
7
1
7
0
1
14
18
3
58
60
41
0
0

Estimated Cases
141
6
86
80
68
172
12
160
111
221
6
240
246
221
147
135
6
43
6
37
6
6
6
12
12
6
6
6
92
197
6
6
43
6
43
6
6
86
111
18
356
369
252
6
6

Total Possible Cases
164
7
100
93
79
200
14
186
129
257
6
279
286
257
171
157
6
50
6
43
6
7
6
14
14
7
7
7
107
229
7
7
50
7
50
6
7
100
129
21
414
429
293
6
6

COVID-19 Cases by Zip Code
Zip
29470
29471
29472
29474
29475
29477
29479
29481
29482
29483
29485
29486
29487
29488
29492
29493
29501
29505
29506
29510
29511
29512
29516
29518
29519
29520
29525
29526
29527
29530
29532
29536
29540
29541
29543
29544
29545
29546
29547
29550
29554
29555
29556
29560
29563

Reported Cases
5
2
3
0
3
4
7
0
7
25
28
9
4
14
11
0
69
28
42
7
2
32
1
0
0
15
1
19
28
4
25
13
10
16
0
3
1
4
4
51
18
4
9
19
6
0

Estimated Cases
31
12
18
6
18
25
43
6
43
154
172
55
25
86
68
6
424
172
258
43
12
197
6
6
6
92
6
117
172
25
154
80
61
98
6
18
6
25
25
313
111
25
55
117
37
6

Total Possible Cases
36
14
21
6
21
29
50
6
50
179
200
64
29
100
79
6
493
200
300
50
14
229
7
6
6
107
7
136
200
29
179
93
71
114
6
21
7
29
29
364
129
29
64
136
43
6

COVID-19 Cases by Zip Code
Zip
29564
29565
29566
29567
29568
29569
29570
29571
29572
29574
29575
29576
29577
29579
29580
29581
29582
29583
29584
29585
29588
29590
29591
29592
29593
29594
29596
29601
29605
29607
29609
29611
29615
29617
29620
29621
29624
29625
29626
29627
29628
29630
29631
29634
29635

Reported Cases
0
7
9
2
10
15
0
13
6
6
11
23
20
18
3
1
5
10
0
11
30
5
16
0
1
0
0
19
50
33
30
41
37
15
18
37
16
21
8
9
3
1
2
0
1

Estimated Cases
6
43
55
12
61
92
6
80
37
37
68
141
123
111
18
6
31
61
6
68
184
31
98
6
6
6
6
117
307
203
184
252
227
92
111
227
98
129
49
55
18
6
12
6
6

Total Possible Cases
6
50
64
14
71
107
6
93
43
43
79
164
143
129
21
7
36
71
6
79
214
36
114
6
7
6
6
136
357
236
214
293
264
107
129
264
114
150
57
64
21
7
14
6
7

COVID-19 Cases by Zip Code
Zip
29638
29639
29640
29642
29643
29644
29645
29646
29649
29650
29651
29653
29654
29655
29657
29658
29661
29662
29664
29665
29666
29667
29669
29670
29671
29672
29673
29676
29678
29680
29681
29682
29683
29684
29685
29686
29687
29689
29690
29691
29692
29693
29696
29697
29702

Reported Cases
1
0
12
19
0
17
6
14
11
25
49
0
6
10
7
0
2
16
0
0
5
0
10
2
3
3
23
3
8
36
43
2
0
3
1
0
27
2
8
1
4
5
0
6
2

Estimated Cases
6
6
74
117
6
104
37
86
68
154
301
6
37
61
43
6
12
98
6
6
31
6
61
12
18
18
141
18
49
221
264
12
6
18
6
6
166
12
49
6
25
31
6
37
12

Total Possible Cases
7
6
86
136
6
121
43
100
79
179
350
6
43
71
50
6
14
114
6
6
36
6
71
14
21
21
164
21
57
257
307
14
6
21
7
6
193
14
57
7
29
36
6
43
14

COVID-19 Cases by Zip Code
Zip
29704
29706
29707
29708
29709
29710
29712
29714
29715
29717
29718
29720
29726
29727
29728
29729
29730
29732
29741
29742
29743
29745
29801
29803
29805
29809
29810
29812
29817
29819
29821
29824
29827
29828
29829
29831
29832
29835
29836
29838
29840
29841
29842
29843
29845

Reported Cases
1
13
19
18
5
31
1
5
28
2
1
56
0
0
9
0
30
48
3
1
0
10
16
19
2
0
2
3
2
0
0
6
6
0
3
2
10
6
0
0
0
21
2
0
0

Estimated Cases
6
80
117
111
31
190
6
31
172
12
6
344
6
6
55
6
184
295
18
6
6
61
98
117
12
6
12
18
12
6
6
37
37
6
18
12
61
37
6
6
6
129
12
6
6

Total Possible Cases
7
93
136
129
36
221
7
36
200
14
7
400
6
6
64
6
214
343
21
7
6
71
114
136
14
6
14
21
14
6
6
43
43
6
21
14
71
43
6
6
6
150
14
6
6

COVID-19 Cases by Zip Code
Zip
29847
29848
29849
29851
29853
29856
29860
29902
29904
29906
29907
29909
29910
29911
29912
29915
29916
29918
29920
29921
29922
29923
29924
29926
29927
29928
29929
29932
29934
29935
29936
29940
29941
29943
29944
29945

Reported Cases
1
0
0
2
5
1
10
79
0
34
21
11
43
0
1
1
0
6
8
0
1
0
8
17
5
10
3
1
1
9
10
1
1
0
4
4

Estimated Cases
6
6
6
12
31
6
61
485
6
209
129
68
264
6
6
6
6
37
49
6
6
6
49
104
31
61
18
6
6
55
61
6
6
6
25
25

Total Possible Cases
7
6
6
14
36
7
71
564
6
243
150
79
307
6
7
7
6
43
57
6
7
6
57
121
36
71
21
7
7
64
71
7
7
6
29
29

