COVID-19 Cases, by Zip Code
Reported Cases
0 Cases
1 - 5 Cases
6 - 20 Cases
21 - 40 Cases
> 40 Cases

© OpenStreetMap

COVID-19 Cases by Zip Code
Zip

29001
29003
29006
29009
29010
29014
29015
29016
29018
29020
29030
29031
29032
29033
29036
29037
29038
29039
29040
29042
29044
29045
29047
29048
29051
29052
29053
29054
29055
29056
29058
29059
29061
29063
29065
29067
29069
29070
29072
29073
29074
29075
29078
29080
29081

Reported Cases
8
4
13
5
49
2
0
45
1
123
1
0
4
10
43
0
4
2
16
5
10
67
3
10
4
5
34
9
5
2
4
6
28
46
1
8
9
19
67
41
0
2
47
13
0

Estimated Cases
49
25
80
31
301
12
6
276
6
756
6
6
25
61
264
6
25
6
98
31
61
412
18
61
25
31
209
55
31
12
25
37
172
283
6
49
55
117
412
252
6
12
289
80
6

Total Possible Cases
57
29
93
36
350
14
6
321
7
879
7
6
29
71
307
6
29
8
114
36
71
479
21
71
29
36
243
64
36
14
29
43
200
329
7
57
64
136
479
293
6
14
336
93
6

COVID-19 Cases by Zip Code
Zip
29082
29101
29102
29104
29105
29107
29108
29111
29112
29113
29114
29115
29118
29122
29123
29125
29126
29127
29128
29129
29130
29133
29135
29137
29138
29142
29145
29146
29148
29150
29152
29153
29154
29160
29161
29162
29163
29164
29166
29168
29169
29170
29172
29175
29178

Reported Cases
0
6
140
3
2
2
10
1
12
0
4
24
9
0
4
12
1
9
27
6
13
0
6
9
44
2
1
2
52
72
3
41
51
13
20
8
2
4
0
5
24
24
17
2
3

Estimated Cases
6
37
860
18
12
12
61
6
74
6
25
147
55
6
25
74
6
55
166
37
80
6
37
55
270
12
6
12
319
442
18
252
313
80
123
49
12
25
6
31
147
147
104
12
18

Total Possible Cases
6
43
1,000
21
14
14
71
7
86
6
29
171
64
6
29
86
7
64
193
43
93
6
43
64
314
14
7
14
371
514
21
293
364
93
143
57
14
29
6
36
171
171
121
14
21

COVID-19 Cases by Zip Code
Zip
29180
29201
29203
29204
29205
29206
29207
29208
29209
29210
29212
29223
29229
29301
29302
29303
29306
29307
29316
29321
29322
29323
29325
29330
29332
29333
29334
29335
29340
29341
29346
29349
29351
29353
29355
29356
29360
29365
29369
29370
29372
29374
29375
29376
29377

Reported Cases
20
26
82
48
21
26
55
2
63
70
41
174
134
24
14
15
26
15
31
1
5
16
12
4
1
0
14
5
9
5
0
29
0
1
1
3
11
17
12
2
8
3
1
13
2

Estimated Cases
123
160
504
295
129
160
338
12
387
430
252
1,069
823
147
86
92
160
92
190
6
31
98
74
25
6
6
86
31
55
31
6
178
6
6
6
18
68
104
74
12
49
18
6
80
12

Total Possible Cases
143
186
586
343
150
186
393
14
450
500
293
1,243
957
171
100
107
186
107
221
7
36
114
86
29
7
6
100
36
64
36
6
207
6
7
7
21
79
121
86
14
57
21
7
93
14

COVID-19 Cases by Zip Code
Zip
29379
29384
29385
29388
29401
29403
29404
29405
29406
29407
29409
29410
29412
29414
29418
29420
29424
29425
29426
29429
29431
29432
29434
29435
29436
29437
29438
29439
29440
29445
29446
29448
29449
29450
29451
29452
29453
29455
29456
29458
29461
29464
29466
29468
29469

Reported Cases
24
1
20
13
11
28
2
30
26
37
0
44
41
37
26
26
0
12
0
6
0
1
0
3
2
1
1
2
20
34
1
1
8
1
8
0
1
16
22
3
64
67
43
2
0

Estimated Cases
147
6
123
80
68
172
12
184
160
227
6
270
252
227
160
160
6
74
6
37
6
6
6
18
12
6
6
12
123
209
6
6
49
6
49
6
6
98
135
18
393
412
264
6
6

Total Possible Cases
171
7
143
93
79
200
14
214
186
264
6
314
293
264
186
186
6
86
6
43
6
7
6
21
14
7
7
14
143
243
7
7
57
7
57
6
7
114
157
21
457
479
307
8
6

COVID-19 Cases by Zip Code
Zip
29470
29471
29472
29474
29475
29477
29479
29481
29482
29483
29485
29486
29487
29488
29492
29493
29501
29505
29506
29510
29511
29512
29516
29518
29519
29520
29525
29526
29527
29530
29532
29536
29540
29541
29543
29544
29545
29546
29547
29550
29554
29555
29556
29560
29563

Reported Cases
5
2
3
0
3
5
9
0
7
30
32
10
4
21
12
0
104
44
61
8
5
38
4
2
0
21
3
22
31
9
38
29
15
20
0
4
1
5
5
66
26
8
34
28
10
0

Estimated Cases
31
12
18
6
18
31
55
6
43
184
197
61
25
129
74
6
639
270
375
49
31
233
25
12
6
129
18
135
190
55
233
178
92
123
6
25
6
31
31
405
160
49
209
172
61
6

Total Possible Cases
36
14
21
6
21
36
64
6
50
214
229
71
29
150
86
6
743
314
436
57
36
271
29
14
6
150
21
157
221
64
271
207
107
143
6
29
7
36
36
471
186
57
243
200
71
6

COVID-19 Cases by Zip Code
Zip
29564
29565
29566
29567
29568
29569
29570
29571
29572
29574
29575
29576
29577
29579
29580
29581
29582
29583
29584
29585
29588
29590
29591
29592
29593
29594
29596
29601
29605
29607
29609
29611
29615
29617
29620
29621
29624
29625
29626
29627
29628
29630
29631
29634
29635

Reported Cases
0
7
11
2
12
18
1
20
6
11
11
24
22
20
4
4
5
11
2
11
31
5
16
0
1
0
0
25
68
43
56
64
43
25
21
40
19
25
8
11
4
1
5
0
1

Estimated Cases
6
43
68
12
74
111
6
123
37
68
68
147
135
123
25
25
31
68
12
68
190
31
98
6
6
6
6
154
418
264
344
393
264
154
129
246
117
154
49
68
25
6
31
6
6

Total Possible Cases
6
50
79
14
86
129
7
143
43
79
79
171
157
143
29
29
36
79
14
79
221
36
114
6
7
6
6
179
486
307
400
457
307
179
150
286
136
179
57
79
29
7
36
6
7

COVID-19 Cases by Zip Code
Zip
29638
29639
29640
29642
29643
29644
29645
29646
29649
29650
29651
29653
29654
29655
29657
29658
29661
29662
29664
29665
29666
29667
29669
29670
29671
29672
29673
29676
29678
29680
29681
29682
29683
29684
29685
29686
29687
29689
29690
29691
29692
29693
29696
29697
29702

Reported Cases
2
1
17
23
0
21
9
18
17
38
63
0
7
11
9
0
3
19
0
0
5
0
15
3
3
3
35
5
10
43
49
2
0
4
1
0
42
2
15
1
5
5
0
7
2

Estimated Cases
12
6
104
141
6
129
55
111
104
233
387
6
43
68
55
6
18
117
6
6
31
6
92
18
18
18
215
31
61
264
301
12
6
25
6
6
258
12
92
6
31
31
6
43
12

Total Possible Cases
14
7
121
164
6
150
64
129
121
271
450
6
50
79
64
6
21
136
6
6
36
6
107
21
21
21
250
36
71
307
350
14
6
29
7
6
300
14
107
7
36
36
6
50
14

COVID-19 Cases by Zip Code
Zip
29704
29706
29707
29708
29709
29710
29712
29714
29715
29717
29718
29720
29726
29727
29728
29729
29730
29732
29741
29742
29743
29745
29801
29803
29805
29809
29810
29812
29817
29819
29821
29824
29827
29828
29829
29831
29832
29835
29836
29838
29840
29841
29842
29843
29845

Reported Cases
2
14
21
23
9
34
1
6
35
2
4
73
0
0
11
2
45
57
4
1
0
13
17
19
2
0
4
9
6
0
0
6
6
0
4
2
14
6
0
0
0
28
2
0
0

Estimated Cases
12
86
129
141
55
209
6
37
215
12
25
448
6
6
68
12
276
350
25
6
6
80
104
117
12
6
25
55
37
6
6
37
37
6
25
12
86
37
6
6
6
172
12
6
6

Total Possible Cases
14
100
150
164
64
243
7
43
250
14
29
521
6
6
79
14
321
407
29
7
6
93
121
136
14
6
29
64
43
6
6
43
43
6
29
14
100
43
6
6
6
200
14
6
6

COVID-19 Cases by Zip Code
Zip
29847
29848
29849
29851
29853
29856
29860
29902
29904
29906
29907
29909
29910
29911
29912
29915
29916
29918
29920
29921
29922
29923
29924
29926
29927
29928
29929
29932
29934
29935
29936
29940
29941
29943
29944
29945

Reported Cases
3
0
0
2
6
2
13
84
0
39
22
14
49
1
1
1
0
7
10
0
1
0
10
17
5
11
4
1
1
9
14
2
1
0
5
4

Estimated Cases
18
6
6
12
37
12
80
516
6
240
135
86
301
6
6
6
6
43
61
6
6
6
61
104
31
68
25
6
6
55
86
12
6
6
31
25

Total Possible Cases
21
6
6
14
43
14
93
600
6
279
157
100
350
7
7
7
6
50
71
6
7
6
71
121
36
79
29
7
7
64
100
14
7
6
36
29

